-6302
4033
8756
-8422
-2948
1215
5674
7995
6244
7777
-8043
7069
137
-5716
-7290
-8669
4837
4637
2519
5108
-7211
7243
1753
-60
-6231
1874
1070
-1835
3670
-7985
5829
1952
-1951
1482
6113
-2541
8409
-9191
3391
2877
-594
584
1617
-8881
-5026
4623
-7562
-8019
9050
-5207
-9564
-3765
6280
-6746
-3547
-1135
8919
-3152
-9057
3600
1231
6705
-6450
-3228
1971
-7122
-9582
-953
-5751
-2664
2154
-1312
9666
-9499
626
-7710
3831
-1042
-1150
-6850
1979
-190
-5243
3587
3906
-6124
1071
-5796
728
-8737
-3385
-3070
-9768
5955
8530
-8796
5867
6637
5037
-573
5745
-5117
9423
-9643
-5894
6742
108
5916
-7569
-9837
4971
-1623
-2465
4285
-4974
232
6973
8571
-2294
5499
5150
4481
3230
1248
977
-6230
3685
-156
-9132
4318
-1394
-832
-7186
-3557
-4465
2042
-9685
2379
875
-8939
3201
5662
3835
-5339
4742
-9324
-2568
7206
-922
-8018
4693
8371
-8400
8100
-4653
896
468
6416
5559
-3794
-9388
-6008
4787
-9714
6489
-4839
-8203
4449
2207
-9947
-8850
-3604
-6116
-3053
-3781
659
1778
-1436
-2195
-6851
1237
-7690
2686
-6678
3289
-9169
9121
8754
9494
1247
-8187
-8065
7294
-9151
-2549
-8959
464
-871
7705
3490
2940
4860
-5300
3774
-758
-1921
-4222
-8695
-901
3127
-7580
-8392
7478
4881
-1914
6498
7359
-307
-9517
8060
-4301
5245
7565
-6621
7552
2004
-6975
634
-9279
-6446
-9174
7568
-3101
4236
-9240
9169
-9512
3617
-5567
-65
7435
6013
1170
4506
-1854
-3347
-5747
5566
-6215
4064
-6437
6211
-38
4714
-9821
-8912
1082
7513
-9515
3376
-6575
-6502
-7394
-3692
-8048
8183
-3272
-4780
-5811
7914
-1397
5079
1915
-8035
-4342
-6772
245
456
1479
-7162
-1372
-6344
2932
-751
9364
-7058
7645
9544
-5080
6728
-141
3202
-3880
2202
4798
-3531
6075
1348
-8943
-2444
8041
9839
5594
-8295
6667
-1474
2018
-2258
7938
-7725
1695
874
5164
-7347
-5533
-6306
-1468
-4949
348
2400
-156
-5440
-6544
-5559
6741
-6469
874
-9693
9043
7695
-696
2615
1063
2665
-3114
5832
215
-3667
-3300
-7401
-5907
9801
-5430
-3547
-8447
-899
5858
5619
-247
-9641
4480
-5681
9911
4912
-8165
-2621
-927
-4842
7761
-5450
6483
5275
212
-3435
5396
-6281
5070
4367
-9420
-4288
1369
-1314
7833
-4655
-3706
9613
5725
4115
7474
2085
1509
4893
5940
-2551
7833
-1991
2453
1806
-2032
4095
4446
7522
3848
1735
-7686
6121
-406
4060
8103
724
2990
-5458
-3674
4754
7780
7176
5889
4128
2227
7979
-3547
-5419
798
-1474
-1827
5863
-2558
5297
-5822
-6299
5700
8459
1019
-5501
-2052
-175
-654
-4277
-8830
5332
3541
-647
-4348
9415
-1350
5836
7315
-6156
8514
5432
-6586
8938
3557
3128
-2387
6621
3267
7610
-739
571
-7292
-6805
584
4936
-5579
-2569
585
727
-4116
108
-6644
-7374
-8635
-2809
8215
-955
-6738
4467
688
-3440
-1720
-2278
-7847
7455
9691
-365
-528
46
4793
4962
5355
-8661
8209
-8542
-5378
-8562
3328
-9944
-5762
-813
5497
-7149
2027
3615
3350
3013
7534
6862
9917
-5331
7805
-6222
3939
1299
5019
9476
1979
815
6057
6822
1385
-3451
5803
698
-5260
1199
-3103
-8435
-1516
-57
4608
1778
-484
5076
115
2012
6376
6700
-1214
-6577
4355
-1737
-6953
-8892
453
-746
-8795
-3550
-6899
3751
7884
-6502
-3600
7248
-9646
-3985
-369
-6076
-9132
664
1568
-3620
-4798
-7728
-7051
4891
-4492
-3161
-7481
-9701
8448
6618
-4863
4798
6342
909
-478
9095
-2627
-197
-4520
6298
-1138
8385
-6833
-1187
250
4013
-683
-2612
-6329
6428
-558
5136
391
-5537
-4157
-9425
8575
-6063
4853
-816
8909
-9317
9700
192
-3155
4412
-5157
6177
-9846
-4618
9331
-1427
5442
1252
7414
-2556
7411
4742
-660
-797
3215
4171
-8230
647
3158
-3673
9801
4341
-9291
-112
1034
4020
915
-6579
7488
473
-1564
6460
1478
4702
-3479
-3371
3693
-5823
8358
546
-6120
-7618
6363
8780
5067
-9623
-6998
1078
2236
3085
1625
-6720
928
-7621
7257
-4674
-9650
-6271
-311
5345
4344
6380
3077
-751
-7247
2763
-6387
2210
-712
-9111
2625
3981
-7768
-2510
8007
-3068
1043
597
5454
5677
1022
3035
4095
4739
-3377
-8476
907
3017
8192
5968
9595
5091
8950
-9882
-4835
5103
-145
-7045
8439
-2726
-9155
8044
2088
-2532
-5630
4525
1127
-2898
5689
-3979
3627
5246
7222
6124
-1032
-2638
4685
9994
8687
6643
9744
7585
-4882
-826
3878
1805
9799
-274
-8967
-7715
-3708
-5809
-9594
9200
2429
9087
-6354
-4246
-135
-2451
-6936
-1540
1682
-7625
1013
3804
-5462
-6316
2166
9723
-5089
-2673
4716
6503
-4621
-9771
-7395
9165
-222
-8960
-5596
-3234
2133
-5523
9336
-3682
4371
5729
-3685
9866
-2485
6257
-7032
4377
8328
-4079
-1338
-3270
1841
9060
9326
-6074
-3313
-1049
4173
5198
9565
-8210
4613
-8013
5993
5212
498
9726
-621
8737
5062
2420
-9410
4607
803
3687
-9820
9944
-5379
-2334
-5921
-4327
-4754
6748
-2316
-6037
-6538
110
-5458
-4838
9746
9955
6279
-2184
1101
-761
2425
485
-9349
4445
-7987
-3691
380
6659
6891
-3080
4840
-3994
-3561
1686
-1207
-8410
9917
-9173
8205
-285
-7850
-1992
9040
-8542
-8239
6986
-8347
8220
-100
-3849
2782
4728
3445
-9601
8595
1115
9894
2108
3774
7688
7680
2134
9579
-4977
9365
-7709
1582
6539
-3361
-6927
-3082
9629
6849
-9963
4334
-7206
1355
2556
-912
7485
4384
-5976
-6184
8448
-1988
7817
6048
-6379
-7299
-5252
1417
-1791
4626
7309
5102
5373
-2232
9390
4604
9408
-5196
8436
-4145
8653
-767
2287
-740
12
-6422
9503
1299
3352
-1466
4790
-6416
245
8506
-5379
-3669
-5044
-5932
-157
3719
3087
-1220
119
8309
-194
-7686
8112
-9923
-7397
-4144
4696
-1599
-2139
-2898
-7536
3229
5798
-6692
-8703
824
-1741
-4704
3770
2229
-4671
2403
4935
-1201
-7109
-8104
-3998
5296
1848
-7891
2565
7130
-7860
-2005
-3002
-2046
1471
1319
-1835
-6811
8034
1274
8778
6696
5673
-4900
-4296
359
8031
6523
-5776
8981
-793
2175
529
7254
6502
3918
-8497
2042
8138
7088
4806
-1242
5895
-3796
6082
6982
960
-9914
6672
9456
-2256
-1352
-208
1717
8884
243
4702
7438
-5073
5954
3347
6024
-6918
9943
-2992
-9767
-695
-5511
2544
2952
23
4317
57
-6620
-7421
6496
3180
2092
-1120
4289
200
-7392
-467
-5286
8381
9782
544
-5307
-2092
9253
2985
4685
-3033
-7593
-713
-43
-7610
4767
7082
-9523
-1899
6401
941
-7420
3248
-7398
7647
8592
-5782
4003
-9698
-2260
7560
8615
-997
1905
4834
-8518
9124
5729
-4930
-1037
4679
-9007
7372
-4902
8120
8237
7527
-8117
-8899
-5499
-8436
8833
-2583
-2236
-1504
-1179
-7684
2252
-7848
-7015
8564
-8138
-4506
7681
-8104
2411
-1789
5350
7728
-3348
6190
-6203
-506
-2158
-31
-6378
-5857
-7486
8290
-561
-6059
-3089
3946
-6421
8486
6460
-5593
-7859
3102
4619
-6611
-5203
-3300
-6472
9027
5109
-800
243
4817
5273
-8681
-6460
-1892
4210
-7437
-3096
7935
-4501
-9822
-553
8092
-7989
68
-5578
1542
-5953
3517
8135
6316
7867
3586
951
-3935
-3616
-2138
-6272
-2492
3331
1503
9358
7157
9498
5704
-5347
-3831
-4472
-6580
-8789
-7780
5564
986
8695
-3375
1426
5458
-9812
-4278
3457
7819
3322
7524
-1423
-853
-7479
9440
7530
4113
9732
4735
6158
-9726
5856
-6641
4641
-6356
1667
-4625
-3347
1795
4122
-4089
8705
4258
-1663
-901
3747
5525
-9343
-9756
588
1263
-6675
4931
250
-9151
-8464
4589
-1534
-6936
2140
4085
-4793
637
5480
-7355
5996
-2573
-275
-5894
7851
-2183
-1341
8051
1158
6615
-9274
2957
7311
9616
7851
8578
-5561
-1109
273
-5869
-1329
-4782
-598
-6486
5688
-9771
-2503
3534
8472
-23
-1599
2844
6984
3732
9660
4116
8099
4423
-8776
9474
-1994
9736
-2842
-2748
-5240
8965
190
6935
-4558
6584
482
6263
7898
-190
4344
-3673
-4102
-9909
8740
4274
-9721
-7817
9227
1120
4867
7557
1361
-595
4278
4224
-9514
4659
9815
9172
-7314
-7567
-9233
2411
-9466
2546
5545
-3987
-378
9430
-473
9982
-2379
-5932
-7256
-1560
6059
-2414
7342
-9326
-4549
7095
-5949
-3050
-9116
-9737
5132
5053
3354
7816
-6774
9043
1849
-5286
8929
-5757
-7957
1851
3174
6650
1763
1533
-8607
2515
6155
-6899
1672
3163
-3184
5442
-3112
5433
-3094
756
9997
-6203
9117
-337
7677
-6637
-5094
-894
-1120
6531
-3186
7643
-263
1743
983
715
-5890
-7445
-3361
6686
-1688
-8339
-8050
1966
4370
-391
6046
-2851
-5155
3927
2153
-2568
-1476
7987
9591
-1638
-709
-7870
5553
2986
6992
4001
-9100
8862
-8773
-7991
311
-5779
6330
8902
-5496
6523
7207
9735
3649
1130
-7877
-2042
-9968
-1784
3452
-8307
-3198
-7792
-4891
7835
2344
6717
1139
9941
4874
4724
-6607
-1419
-7800
-5973
7717
2067
2127
-4258
-1584
4742
4141
3593
-2087
1386
7426
-2579
7207
3479
-3710
-4662
-1507
-5497
7694
-9055
5899
-8777
-9962
5857
1893
7614
4914
-6782
9070
-7742
7688
-8998
-5043
-6322
-5329
-2841
3081
-7330
9483
-4229
-2199
3273
4964
9570
-3778
1960
-612
7430
4955
-8363
9744
-5454
-5768
8790
4817
-8324
-2324
-7093
-4759
-4306
-4283
-8125
-1623
-3577
-3273
6453
-7093
1504
4234
-9644
5771
-2168
-333
5653
-1887
8845
1789
-5145
-6581
9699
8288
-3456
9729
5007
-2354
-6601
-4560
-4724
-7444
1958
-9662
-4089
2099
2438
-5789
3281
-418
3127
9542
-9530
-476
1550
-531
1038
6076
-5717
9771
-6998
-9798
-4123
-3285
5528
5697
2008
-652
-3908
764
6042
4223
883
6001
9361
4741
-3853
415
-4145
-949
-5053
9155
9311
-6221
-3281
532
4291
-1023
-9168
3002
-6214
3921
-2004
-8408
-8058
620
1663
2172
6465
-7609
-1490
4833
4956
-808
8109
2574
-5983
-3152
-3192
4583
2555
-6403
5975
-1676
2086
3212
664
4048
-4256
3456
4759
4288
-2204
1239
-2508
-46
-4826
-3432
-4917
-4693
-1414
-2902
1968
2105
-7665
3538
-2987
-3520
-8790
-1711
1989
-3417
9107
3112
-7915
91
6341
653
-5346
-4585
5770
-7455
-98
97
-4459
9059
8451
-8871
-3604
5733
4882
-836
-1462
-3440
2122
5372
2994
1791
-6760
6929
-7056
-5748
7189
2377
1380
259
9784
-8817
-4434
8367
3962
1525
6368
-1586
-9282
-2316
51
5640
-5652
-5625
6882
-6397
1595
-7633
-3847
7975
4228
-5974
3437
-1029
-5522
-5764
4060
-7199
4538
-6369
-1283
9218
-6377
-3764
-4719
2364
-8006
9796
-1668
-7905
5735
7143
-5443
3785
3869
1205
8233
-3478
2596
8647
-5776
-4969
4477
5269
452
-6361
-4932
9651
8342
4238
-2156
4546
4998
1964
-1667
5757
-8463
-9753
2910
-7110
3810
-3735
-264
6596
-1667
-1905
-9860
4727
-4553
6580
2055
1810
8628
-2524
-2957
2201
-4556
-2658
8434
8935
2950
8714
8967
3108
908
-4781
5447
-8716
8123
-6126
-4024
-6286
-5625
8986
1531
4839
8572
6106
5872
-6854
4108
7550
4902
5286
3093
-821
-822
1922
5397
-647
2257
1089
-7107
4280
3922
1527
-9316
1042
-535
-860
1505
4149
577
7992
7203
2055
-8720
5467
4669
-853
7996
-1612
4584
-9872
9402
-3082
7750
-2450
9297
-2221
6428
8319
-1974
-4881
6004
4209
-5813
-2062
-8458
9336
-4701
-9499
9233
1339
-2537
9369
-9770
-4882
1588
8658
-4949
4701
2845
-162
9771
6774
-9560
1534
-4240
-7514
-7322
-3845
-1365
-3582
6214
4902
-8754
4192
5392
-8162
-8808
-4952
1315
-4263
-6449
-9003
2281
-7281
4427
-512
8546
5621
8074
4962
-4476
6235
-339
7831
-6626
8003
-9806
-8718
-4432
2422
-205
3881
665
-5076
5579
7517
532
-8606
-1695
4808
-1753
-505
-9883
-1616
-2481
5129
5549
-7431
8290
-2560
7898
-9270
2752
-3461
7288
-282
-790
6891
-7450
7318
-2877
462
-8544
-7427
55
3798
-8205
-9265
-1067
-8623
5748
-6288
3855
5889
-8662
-7067
-2443
7800
3335
8201
8218
-6980
-9348
-2609
-1063
154
2880
-4084
6215
-8189
8078
-3132
-4499
-4082
1692
-2921
559
2557
760
-8244
-5921
7622
418
3596
-1343
1161
-8013
2018
-5435
3970
3529
4396
3906
6909
-6402
-1943
1239
-9938
-244
6297
8615
4605
5223
1868
1552
-8371
8362
-3623
1418
1173
-562
-678
7411
8562
-4497
9795
3427
-2877
-2990
2307
-7079
-5365
-6476
-6418
2860
6037
5720
-7916
-1063
828
2468
8848
-3204
7995
337
7098
-195
-6267
-3294
4751
-4061
-6018
1406
-6419
-9318
61
2423
4876
-5306
-9865
-4614
-3487
1123
-9626
-5517
-2357
2541
-901
-971
3594
4514
-8754
1192
-4752
-5300
5542
3825
-5529
-4341
3563
-5836
8902
4991
5429
4466
3619
-7580
-8149
-7881
1108
-4869
3535
3436
-5976
9875
2773
-2041
-7540
4392
3272
3902
5076
-7580
-25
5829
-8167
-1482
-3709
-7673
983
-5030
-6014
200
9782
-330
4160
-2231
6134
1331
-615
175
-7852
-9165
6012
6016
-7754
-1344
8456
-6948
-1291
-9629
-3331
7907
5560
-3821
2383
-2154
9972
-5347
-5478
-5118
-6490
5269
-3157
-683
-8989
4578
-969
-4922
2323
-2844
-1875
-8656
5163
-3755
5382
3672
-2037
3300
-7902
7845
1380
-662
4059
1755
7406
-1000
3509
4300
8056
7399
9249
2388
2992
-4298
4682
113
-3269
-6248
6505
-5512
9104
-6978
5596
-4174
5997
2671
4419
-2288
8235
8433
-6730
-8689
2711
7226
-3189
4820
6912
-228
2738
2326
-6890
2287
3829
9626
4721
-8563
-5768
-3154
1726
-9266
5931
7206
4335
213
4090
4398
-9078
454
-7199
9750
-9381
1885
9452
5685
270
4017
573
53
-2920
-4055
-3473
-8077
-9927
-9204
9936
-9667
1501
9002
-7753
-3096
1308
3771
-133
5802
9480
-8025
-3293
-8821
-4284
-1277
1241
-3079
417
4193
-1351
8729
6061
1027
-2596
-2696
-8843
-6276
-3203
-2825
4289
3189
5297
6077
7517
8859
-6012
3063
-1789
8542
4663
9831
8351
265
2452
-2436
-1772
1631
2934
9063
-78
8654
8155
-5861
428
658
-1262
7372
3690
4551
-3988
-4127
3696
-1188
-5678
3555
15
4706
1244
8154
-1447
-8845
8326
1693
-6087
-5367
-8828
-4656
5181
-4152
5243
2021
-1089
-126
-8068
3459
7720
5847
-7262
-5098
-6523
7605
-1144
9382
6872
-1580
-5758
-9876
8762
5563
1951
519
1319
-1332
-5700
8093
8093
-8557
-5602
-6162
-6378
685
-3164
-669
4132
1650
9332
9824
7979
-9141
3329
-2231
4155
5951
-9011
-2369
-6431
8246
8395
-2589
-9420
-4021
-603
-2995
-2013
-5857
-9202
-7948
-9372
-7394
2511
-283
-1854
-9400
1257
7339
23
-5455
-5420
6860
-3566
5620
-297
1057
4926
797
342
-2471
7002
-695
1377
-8163
6754
-9484
-8169
-6396
8003
-133
-4134
-3003
-8062
9641
4057
6179
1442
-4782
3427
9048
9822
-7481
2233
8431
1146
2430
9254
-184
-9376
-9002
6480
-92
-7328
-7402
-4557
7761
-9147
-4293
-9576
3745
-7149
6721
832
-4628
-136
-2273
9080
267
6716
6757
-418
448
1284
7917
392
-1627
-2898
-3160
3308
3034
-7668
1448
198
9322
-5219
9820
7754
-4343
-3201
5848
-4142
129
1676
8796
8350
5000
499
4729
2160
7168
8894
1859
-3899
-9884
6314
-9431
-2242
-5245
2262
1933
-7870
9741
1372
2108
7262
2541
-6273
-3906
7249
8584
-4244
-762
5463
5102
2347
5482
2779
-1850
-5075
3942
5160
-3013
-3620
-8016
-6732
-406
8935
1218
-635
197
-4977
-3410
-859
-9751
2956
9743
-5764
1348
8571
8081
6130
-8897
-4882
-8770
4417
8183
4312
-9912
-8704
-2232
203
-3896
-9800
-193
-8181
-9762
290
4695
5899
9097
-4928
-5239
-1293
4731
5095
-3614
-2858
7486
-8215
3387
-5861
-7484
4471
472
6624
-5250
-653
-4384
-8934
-458
-429
-6994
-7693
4748
4851
-7566
-8372
-3786
3110
-7982
-8045
-4384
-8470
-7175
-3734
3549
-5793
-9208
8852
-6351
3744
-6246
712
-9421
-2153
-6412
-2811
-496
7079
-412
103
1412
7294
1162
-5830
3515
6279
8403
-4202
-6869
8709
1934
7154
6309
-6893
-7525
8035
-5771
1356
-3834
1760
8631
-3100
3684
8796
-9723
-1042
-4848
9932
7141
-897
4484
8977
51
-8844
4295
-3943
5745
7440
-982
-979
-629
7073
9128
-9847
-5991
4029
4056
1664
-6810
-7192
9750
2835
-419
9560
-3707
889
-4388
6275
483
9399
-2402
-3563
2884
9169
-4535
7275
-8351
-2927
-9027
7156
-6671
-9102
6897
-4146
4359
7884
-5551
-9001
551
2946
6769
7311
8144
-7651
-3210
7486
8690
4865
1599
-7855
-4515
-9050
3293
4389
-8050
941
313
37
864
-4099
-8735
6460
5141
-5176
6046
-4928
6923
-3182
7314
-3772
-3746
-514
-8956
-9948
956
6831
3298
-8822
546
436
5249
-4926
-3496
3853
-5589
808
-247
-3677
-9272
5860
-6813
-2340
7465
-2035
-1630
8647
8857
1223
1422
5660
-2572
9981
6591
3434
-7404
3788
-5075
800
-9154
2222
2768
6176
-1411
8176
4129
-6481
7842
-8396
8538
-4184
8870
-7128
-4447
-9307
-3116
-6791
-8475
-3740
773
-7121
-6644
-2680
3022
9180
-4610
5252
3867
8472
4812
6620
8312
-5990
-7100
-8844
-4898
-5183
-9578
-5434
-9971
-7193
-4333
-9832
-5658
-3943
-9489
-5553
-6916
373
-4352
3828
-7955
-7887
7517
-7562
-951
3759
-2838
-6495
9916
-4040
7111
7989
-2579
-6935
8559
-2981
1062
-4102
-25
2100
-1319
921
-8410
-9798
8322
986
-1304
-5097
-3801
3494
-5953
-2048
7949
-9533
-8926
8948
-8263
2926
-7115
1452
1512
-1662
4491
-676
5281
-1896
-5987
-5351
7478
718
-4282
-3888
6786
-8293
-6390
-9202
-7283
-2056
3404
2256
1615
-4588
3149
-1431
5161
-7186
2001
4811
2191
-5928
-9810
-8361
6039
804
7447
-8309
-9355
392
-3652
8288
3502
-3520
-7001
3926
7738
-8294
-5665
9368
10
7716
-748
5346
-8230
9438
7188
-2419
1902
5219
2916
-3051
-9365
-7691
940
-1209
-808
-9987
-7411
-7517
5017
2488
-7980
-4815
8749
-4401
7673
1747
7750
-2321
-8239
297
-5645
-2951
-8074
121
-5603
-570
-9423
-491
416
-4498
9851
2551
6437
-1360
-1125
7928
-7958
8551
743
8852
-3229
-447
-7591
-9059
9928
-4706
-8522
-3270
6947
1560
-9814
9781
-5612
-6433
7745
-3256
-8727
3068
-8264
-1256
5796
7156
-5369
-4775
-9023
756
-3193
9119
-8871
8743
1688
514
4814
1042
-510
-7877
8656
6788
-5107
2817
9122
440
-4790
88
-2159
733
3057
8746
-6272
-1127
7421
6414
-262
7324
8487
-7254
2090
-8493
-2057
3354
-250
9568
4826
4691
-6297
-3700
-5698
-1817
1644
-5312
9379
-8413
272
7121
-4624
9874
-9475
2161
-3026
-3249
7801
8686
3739
-8607
1992
1169
-2461
-8521
4999
4654
-3198
-1977
-2298
6026
-2654
3527
-6941
-280
1948
-8138
1967
401
-5051
9866
6876
-2100
9902
6349
1285
-1515
-9600
-3662
-8938
-4642
130
4246
2062
-223
6466
-4665
-737
2695
1263
8630
-4335
-8584
-2858
-8817
-6172
2718
-4191
6541
-3043
-2768
-9527
6461
-2531
5826
-1144
-6846
5678
6862
-8179
-5231
-8277
82
1230
-6154
901
-178
4384
-2944
2588
-8746
7607
7249
3586
-1620
9980
4313
117
2131
2246
-4924
-4201
2264
-3068
-1584
5709
-3236
4497
4516
5793
2574
5161
-7620
-9206
-9081
-4903
-8483
-3368
-8351
-5131
8892
-8614
-2775
4629
561
-4857
4483
-888
9471
6587
7892
5472
-7843
-6737
8406
-1818
3931
9846
-1020
9523
1899
-3221
5794
3574
-1345
3942
9315
6701
3810
3354
2882
3086
8227
9121
-5530
5701
6794
-5425
9140
-7023
6640
252
5563
-8116
1007
-1958
1863
6946
2538
-9161
-4437
3297
-3665
-5075
3847
8452
-8992
-7990
5631
1047
-841
4693
-3475
-341
6774
2095
-2553
-9527
8583
-4594
5606
6705
-3969
4631
898
-9572
-9742
1310
2813
2882
3866
-7997
-7144
-5038
5661
-5744
-3217
-6302
-6944
3879
2227
-494
3769
5039
-1499
6731
-8335
-1822
-9463
-8178
-9793
5296
5694
-9677
7590
-2092
8656
6259
9911
7197
-5623
-5646
-4047
-8793
-6686
7460
4636
-7345
-4469
8362
4979
9075
5469
6736
6758
3462
4112
6680
-4198
6312
5868
-3326
-6932
2455
-5115
-7830
-9907
5517
-4453
-4793
2731
4633
8615
-1258
-3953
-7007
-5390
-9977
3731
430
-7484
610
3287
7856
-4071
-9404
-5869
616
-7982
1887
-3988
-7355
4478
5781
-3200
-1790
-1500
-9436
-1708
1605
-1618
7007
7887
5913
-524
1414
9310
9391
-6342
960
-5707
253
1968
-2725
-3066
-7171
-1657
-3305
9535
-5531
3426
-8054
-6377
-8772
-2640
2869
-7225
8897
4366
7414
4150
5305
7686
5152
-8523
-3287
-1989
-1042
2116
-5211
9380
-2170
560
8669
-8792
1632
3991
1790
-3722
-8835
2988
-8567
-3616
3492
1064
-8669
7090
-6726
-9681
-9663
8559
-7565
1000
-8103
8544
872
5597
-1507
1668
9001
8327
-9992
3215
970
8132
-4163
-1400
1101
-6687
6986
-3823
-6753
-2246
1472
9631
1145
2413
-9246
-3825
116
9963
1629
1164
-2295
2540
5510
1585
6476
2661
-7873
4258
9920
-8563
-4254
5503
-8476
-5414
-3333
4913
-2833
2268
-143
6878
-3393
7815
-5374
7997
-1024
-1243
-3796
34
-7216
-2549
-4626
-1752
3716
-1318
-5029
-9319
-2238
1491
-2367
3770
-3854
6616
-6750
1863
-9863
2020
2539
-1236
-3989
7460
-3561
-5093
9905
-5094
-4621
-8640
-4142
-4572
7194
8652
-1167
9233
5258
6837
4325
-5467
7883
2843
8280
-5827
2857
9705
1120
-1030
2784
5101
-3041
-1585
-4989
679
5440
5933
-7508
-9717
1428
3305
-9424
4888
-8128
7018
8146
4482
6238
-5628
1013
772
-7872
-7084
-9527
7015
-272
2454
-4764
-1258
2311
-7797
6815
9857
-2652
8017
8259
-7073
-4787
-2293
-1286
5913
-4362
3413
7667
-5402
-3902
-2047
-1620
-1152
301
8376
3455
-4320
1131
6500
7614
3085
9136
-7836
-5938
6037
-2723
3597
-4494
-5499
-5363
-4408
-9025
737
690
9476
-2869
3296
9461
3385
-4800
7591
-1047
-196
9942
-6198
-9734
6307
-4179
8056
5075
-259
7021
2500
-6039
4829
-1547
-4572
-1591
-3742
-8577
-7786
5575
879
6943
4764
-2251
-6824
9732
-5313
-6353
4291
-1782
4414
-288
3082
3817
-3061
-4128
-7895
-9079
9393
1587
-552
-7720
-8556
-7727
2630
546
859
-1357
-6762
8858
1756
-4785
-2564
5276
7187
9861
-1339
-2361
-9549
3983
-2277
6838
-379
9818
-8168
5671
-3712
-6778
4484
8042
-6857
-7900
5350
5680
-112
7868
3959
1861
9550
-7320
9943
-5268
9111
-1655
-226
7587
-1328
-8761
-4920
-5773
9577
-707
-7212
-2986
-114
5454
5222
-8052
-7966
-256
-3167
-4565
-5795
-1428
8401
2393
-6917
-6219
-3907
-5697
-846
-3743
-9262
7690
-1904
69
-2597
-147
2252
7103
7596
-4798
3341
973
-2582
81
-3031
-3940
6711
1039
-860
9596
4041
-9817
2093
-9474
-3229
-5383
-2301
-4115
-5360
8313
9409
8453
7551
-6251
-7148
-7968
-5593
5541
5789
9264
-4322
3540
771
6588
-4159
805
9988
-7882
-2470
-6839
2245
-6482
-3176
-5685
-7804
-8087
664
6748
-2737
5206
-129
-3314
632
8034
246
3140
2075
2845
4207
6165
8991
-970
-6595
7754
-8968
6066
-76
4254
7267
255
-3414
-779
8611
-7076
5551
1481
9896
-4731
-2470
5813
4494
7573
4314
-6196
-1629
-2205
8844
-9681
-6331
-4792
-4717
-2199
8264
-114
1408
-7058
2427
6472
-6702
3933
-5030
2472
6701
-3430
2153
-5233
-1788
-5970
-905
6153
2321
-8405
6433
-4246
-8231
-8413
7451
-6615
-4577
-1621
-2751
513
-79
-7668
-4142
6684
3551
3925
8966
-1142
9017
-1080
-4510
5150
3630
-3067
7502
-5244
-113
-602
5346
-9098
-9399
6412
4115
7466
-4374
-2846
7915
370
-2936
-8425
-9664
2377
-446
5295
9003
3667
3860
-8682
-9326
7611
-9423
-137
-2284
6285
163
-3974
-5282
4824
-9547
-8066
-7178
-7645
709
2791
148
-4385
-6334
-4159
5774
6672
8130
7344
3289
-4096
-6618
-5319
3484
-2915
-7855
4536
-817
-5140
-7939
839
951
-5249
57
-6686
-6729
727
2959
-9545
1553
3442
-4480
393
9434
7346
-593
-7128
219
9197
9022
498
-9275
682
-1086
-3616
5318
9166
2406
7724
-9515
-2051
-5281
-4783
1594
2880
238
-5848
-4117
-4958
-5779
3274
7156
-4519
-8537
1694
7598
-8334
-1822
-3259
-376
520
-5482
-69
5207
-3065
-1501
-2646
6351
3697
5124
-9942
8697
5273
-9266
-644
9628
-8750
-5420
-3952
91
-6685
-1000
486
4493
-4826
6019
-3484
-7987
-160
1186
-7305
-193
-8932
9867
-1331
-6662
8157
1530
3532
206
-9741
7782
9294
-3550
-2001
-9937
4358
2792
-4042
-1934
-3341
-5363
1013
5630
5671
8023
-5678
620
-2408
-3393
8263
-6749
1684
4020
3999
-2434
1394
3845
-846
3998
-1193
6364
-3980
6118
-3528
-6126
-6417
-6275
2612
5781
-1037
8413
-7193
8023
-60
-6511
-1617
-3392
2919
8435
754
6835
-7018
-8826
-4186
1264
4592
-2526
-5049
-4023
7533
-3954
6002
4824
-1189
9271
-7860
-4792
3179
-9450
-2124
4618
633
7666
6314
969
-953
-2603
9970
-8766
8690
1033
2634
9107
7530
8159
-2687
-869
-8979
9725
-9063
6893
-6291
9957
7864
5792
6081
9776
5721
5222
-2570
-9853
7415
-6723
-3244
1268
2686
6657
6475
-3097
5155
-3369
8492
-139
5104
7327
5407
-4319
-9893
1756
4928
-2881
6134
-3087
-6218
6161
-4635
8315
-1840
8089
-4181
-6472
9676
4739
-5808
4551
5317
7146
-9022
-3147
-9653
356
8677
3370
1184
2665
2959
5868
2433
5762
8583
-7214
-1889
8895
5533
-188
-7155
-995
-2832
-698
8861
-9038
7914
-4147
9913
8786
-6662
2554
7126
-643
9876
-9428
-2746
7798
7432
2588
-9795
2252
-8782
-9868
-8281
6973
2485
6535
3927
5902
-518
-1406
-5406
4255
-3175
-1595
-7206
-227
7115
8995
-7280
-2069
7661
6104
5866
-415
9193
-2710
-2330
7554
1130
-3602
-5843
8128
-4581
-9706
175
-807
9577
892
4375
-1741
-5156
9329
-4017
-8346
8184
-5972
-1405
8460
615
2458
-9562
-2839
-4237
82
-4107
-270
-7702
-6645
3881
-2435
-1027
-1025
2591
7025
-3176
-9216
-1133
-4120
-4202
722
-7294
3461
-2787
9322
7276
-9046
4801
5855
9690
132
-2749
-5956
3972
88
253
-1044
6567
-7469
-1324
5547
6827
-7084
9910
-8296
-8520
-650
-9049
4696
8309
-3265
3016
-2676
-3950
2574
-6094
6530
5998
-6680
-9429
-2183
5807
9031
5143
-3826
7032
7033
-5260
-402
-9866
7748
-5199
8190
-6500
-1737
-3896
7095
963
-6315
8761
-1210
-2425
600
9742
-9618
-1871
1455
-9069
-8060
2183
7538
1392
1875
7493
-2964
6726
6072
6648
5029
3464
-2189
-5215
9870
6017
-19
7467
-4158
-252
-6449
3047
-8770
5206
4368
9205
-6878
2968
868
-8751
-6054
9787
8110
-2184
-5375
-4018
4437
-1719
-8435
1847
-5265
-9824
4956
1587
1283
-2947
-4589
1137
-6020
3600
-9233
6479
3504
8736
-5977
7086
5510
6682
6715
-814
-9715
-6244
2763
666
-3090
5889
-2771
1839
5645
9350
-4915
-5783
-8906
-2231
9252
9494
-4637
-1735
538
6022
-2202
7171
2216
-2223
4865
-3668
-7547
1204
-6279
-7451
-8942
1182
8836
4110
-6434
9447
2867
-8850
-827
-350
4223
-5559
-132
-4840
2564
8959
-5092
5800
4114
4251
7495
8116
3188
-1261
-8772
-3110
-1086
-6032
9227
1513
-6583
5440
6734
8406
5296
8734
7864
-954
6047
-7894
8079
2267
7924
-5741
-2969
4405
8508
4112
6561
-900
2575
-412
2403
-4200
-47
-4835
6377
1330
3643
-2131
2675
-7148
-6055
-6030
5185
6780
-229
1942
601
2504
1911
3631
7448
9150
5543
-4878
424
315
7476
6221
5059
1187
5703
78
-8550
-3614
4975
5048
2571
-2786
1966
4783
-9710
1960
9947
4057
8081
447
-1405
8763
5622
-9527
5434
1601
-1602
-199
-2833
-1810
-746
-8682
-3077
-3721
-8583
-7266
9383
-4120
-9771
-1591
-5542
3259
9096
-8983
5824
-882
-639
-9786
7223
5284
-2184
4880
9935
-1958
-7375
555
9615
2229
5295
4227
-1612
-2352
-4281
5162
7369
6932
-8143
-4402
7622
-2204
-5438
-7680
3369
-447
-888
-1463
6107
-9457
1696
-9539
4644
-9701
7624
-161
-9009
430
1476
4709
-7783
-7529
-523
9973
-331
6677
5870
1805
8109
-4912
5520
-8966
-2518
3348
-8081
3697
-1303
4399
9530
-8498
-2872
-271
5777
-3006
-8170
20
2718
-693
-5265
9511
-8051
3066
-5416
-4116
-1328
-2969
-6616
-5857
234
-1863
3450
-8380
4676
7327
2782
-8579
6250
1941
4840
8334
-4883
-9410
1289
5588
3890
590
7484
-3540
2990
7638
-8780
3334
708
-1311
2005
1117
8631
-2748
-7890
-1935
-2663
2453
453
8978
-919
8078
-4389
-3105
8327
6305
-6379
-4551
-414
-2753
2003
8161
3246
4922
-3160
9581
414
3085
1435
-5582
-736
9085
-2109
5576
-5753
-5299
1862
5666
7341
5868
8141
-4702
1482
-7660
-6266
7032
-8891
-3167
4975
-7806
-8666
-6714
-2404
-2719
4818
-5386
6651
9644
-965
947
7224
-7503
3088
7800
3980
149
2642
9979
-5549
9082
2948
-4510
2369
-5831
5281
-6254
-1165
-12
-1971
4454
-742
24
8049
-3205
6536
7892
-3741
2785
-3952
8523
7542
-7947
5968
-5268
-5581
157
-3667
3047
-2173
9645
-2045
3255
2624
-8518
8364
-2586
9668
-8482
-1902
7716
-7842
5036
7382
5415
-2846
-8683
1491
-3601
3502
1643
1060
-3536
39
-1527
-4575
4846
-7096
-2012
2895
9841
-9398
-4329
-8931
9948
6685
-8241
-6816
-9093
230
2445
-3719
-5441
-6166
-4166
7648
-2719
-1326
4646
-6788
1658
-9227
4596
185
4624
-9845
-5819
1905
7686
3509
-3230
-5537
-8396
-7042
-595
3476
5526
-5128
-3899
-9889
3008
3890
9149
3844
-7929
-559
-6877
-8194
-6957
7004
9974
-2886
7882
-3749
-8187
8812
-5558
3299
-7420
580
4213
1226
-8943
-5888
-7599
-4342
3772
6172
-6159
12
-6460
-5174
7422
4720
7877
4459
-7296
-2137
984
2554
-2898
7097
8968
-1737
323
4313
-8948
-7052
5468
-5719
-8567
2581
-3465
-4858
-9085
2462
-1342
-9529
9828
178
-6719
1259
-7343
1096
1197
7593
3
3888
5111
3879
-2286
2239
-315
-7586
-8069
-8406
668
7128
6936
9808
-3265
-6654
7924
-6362
7003
-9058
3509
-9649
9905
-8798
3233
-3819
31
357
-8404
-1787
-8207
3958
8199
6441
-9205
-3067
-4756
-111
1233
-107
-9198
2819
-4260
7863
508
6351
279
-3401
7268
-1051
5240
6222
3786
5973
3086
9719
8897
562
-3006
6060
7456
6065
-9255
2124
8175
304
-2126
-3135
8981
7751
8453
6715
603
-9781
-5228
2578
4952
-8363
-1641
8694
-1984
2011
-4607
-1104
-3206
8105
327
-1853
8506
821
-5063
7621
4815
-8780
3206
2652
6550
-127
-5012
794
-4468
-2021
-5238
-9442
8363
-2308
-2059
4574
3808
5722
-1517
3998
776
-283
5536
8789
-6045
9557
5284
6877
-7139
-3223
3373
-75
5835
4736
1074
1209
-4690
3692
-9272
-4487
5061
-9362
-7267
-2166
-9597
-3843
-3243
2247
-803
-6827
1922
6456
-8666
2200
-4447
2361
-3681
-9074
-1858
-9928
-2722
8894
4388
-1455
-3522
-8796
2838
-659
-9070
523
-3997
3923
4028
1593
9708
9221
-9461
-3589
-1647
-7061
-3934
7987
-469
8675
5319
-1308
5598
-9039
5446
-9949
-3115
-8170
-4903
-1907
-1816
8448
7357
237
2195
-7172
871
-1648
-8681
-672
-8265
-9954
8136
1557
-4894
-8504
-8270
6541
-2996
1721
-5789
9908
-9810
-9975
-6093
9533
-5833
-993
2723
-1903
5680
4564
6917
-480
5135
6191
4981
-5971
-9701
7021
8006
1114
525
9693
-7502
-3692
7115
8925
-2962
-6580
9907
4576
-9244
-1183
5020
-2298
2517
1385
-3186
5454
823
8712
-2964
5234
-831
1339
-5646
5600
7737
-721
1854
7277
-1804
1826
-5782
7622
-8632
9599
-1048
1484
-377
-2456
4944
-49
-9014
-3592
6796
7847
8859
7554
904
2938
-3065
21
-1198
-8631
-3026
-3556
-69
6363
8619
6385
2993
7720
3881
-2552
87
-5244
9130
8262
-8788
8539
3271
4110
-5709
5487
-5123
2350
-6384
2037
2230
3907
-5018
-3435
-2788
-4570
-8164
2119
2429
-7951
2138
-694
-7647
810
1244
-3418
8342
1006
-886
-9900
-6507
-6340
540
283
3514
-5551
-9468
1711
-6988
-9228
-6499
-4358
2706
9342
-4433
-7966
5108
-4195
1191
1627
-1270
3240
-8158
3026
-2421
-6196
8630
-4688
-1473
-6149
9519
2610
3226
-928
-9417
515
-4021
-6131
1155
-7755
-4170
-914
-8417
-9282
-5206
6985
-1185
3188
6754
-7863
2556
3701
-2352
-5996
62
-954
6408
134
-1330
7819
4917
3154
6687
4698
-2030
5626
9189
9201
-2802
-8524
4755
5947
4236
908
-9288
-1832
5692
2202
8896
-640
-7136
6723
-3711
-588
1181
1462
5166
5847
-186
6658
-9183
7913
-5079
-8375
-3015
5795
-2907
8885
5697
1098
3613
7234
3205
6061
-5438
1242
-7542
9485
2213
-3796
-9778
-3946
-4718
5344
-894
-8616
-503
3085
-8497
2893
7514
-4854
-3421
9037
-527
6059
3034
-4007
-4922
9164
-6476
2835
6517
7211
6712
-8990
4441
8441
1151
-8100
440
-8271
577
-4929
-2332
4300
9198
-8849
1330
3867
4057
-3863
-1031
-6060
-3
-7597
6067
-6763
-212
9735
3062
9537
-6038
-9260
-4225
-3119
-6548
-5448
2043
-3988
-172
4969
4843
-4341
9403
9513
8784
2971
6758
4471
3721
1086
-2809
-3381
7935
-7583
-2366
915
-8107
-7121
-5194
9988
-4270
9642
9737
2932
-7664
-6832
-8716
-8788
8456
1133
-5244
-3509
5946
1916
1478
5207
-3958
5042
-4014
3757
9880
-7466
7743
938
6121
4652
-4475
178
-6302
8404
-5276
-8476
-3865
4951
244
9935
8297
4352
778
-1356
-9483
8445
3139
6001
-2872
1545
-1310
-945
-1013
-7720
8703
4088
4863
6991
9664
3635
1740
3863
7498
2305
-1005
-920
1859
-2813
-4268
5077
3510
327
3152
-1527
6468
-5022
8360
217
-6746
-7761
6780
-2393
6845
5876
1091
-7757
9212
-1187
-9371
-1191
2381
-698
-6957
4103
66
-5426
7416
-7087
2079
4201
-4492
-4109
4296
19
-1106
-9750
-8553
-3827
9516
7514
8007
2267
5429
-4406
7746
-5598
-4333
6557
-3471
-1273
1500
5418
4392
3633
-4952
-6632
6755
-8602
654
-8063
3672
-9495
-47
-300
-9298
-5948
-3335
7520
3875
2025
-132
-3077
-490
-6086
-7564
-6162
4902
3311
8198
-1542
6516
3558
-2855
-3962
5741
3788
-8753
5635
-2500
-9916
9290
-4174
-6914
-7770
969
-7657
2524
-4621
-8507
-1719
-1513
7906
-65
3537
-5253
7651
7229
-6425
-3721
-943
-7144
-3070
-8705
-6901
-1883
6332
4856
-4869
-6055
-2126
3069
2715
-275
-9515
-6958
-40
7261
-1178
8323
9807
-2874
-5959
-6017
4069
-1144
-9344
7552
6057
-1689
-5836
829
963
9987
3628
-3497
6264
-9369
1875
-9977
-9371
4232
4193
-773
3776
-4262
-4123
7236
-7341
-9887
406
1914
-3063
3054
-6965
-8014
1445
-7683
-9405
-4184
-1695
4580
-9768
-6888
-1646
56
5766
-4539
1303
-3023
-57
-615
1006
2610
-6592
-8669
3867
1380
-7988
-5681
-9268
4635
-4593
-374
8532
-5935
2773
-2569
-1201
-437
-7304
585
-3451
3678
2568
7714
-4107
-9483
-8998
5040
-9230
-5891
-5671
-2862
-6510
9771
-567
-2688
5424
4249
-2859
4520
3996
-720
-2103
-7193
59
-3570
171
3374
3547
-8341
8952
4161
-7343
6032
6586
-4906
1665
4490
7371
-1374
5842
-2353
-7891
-3729
7197
-357
2481
1665
-2520
-8319
-8722
-4496
-4358
6163
-5665
-1028
-6315
-9851
-5174
-6018
4236
9366
-4213
3819
5135
6434
-1147
8541
4765
4776
-6429
-1759
-3584
5002
-3149
-6923
2459
3835
1728
-2226
2979
-1908
9683
-2883
9141
-9341
-8324
-7591
-4550
-3683
-6067
-2952
-7210
-3503
8755
-4506
7188
-706
5160
2510
897
-5080
9211
-219
5999
-3522
-3881
8662
-6632
-6828
8452
-2108
1515
4716
-7988
8982
354
6838
-5267
7704
1553
6599
9730
-5629
6121
3385
1363
-436
5193
-913
7942
1136
4324
3236
-3713
-45
-2867
-6176
-8760
4867
-8437
3214
9786
-9276
-1901
-1016
-2735
559
4055
-5427
-8524
-759
2995
-934
7643
1402
3971
3329
-8467
-4615
-7344
9832
-260
6497
-263
-206
8250
-2375
-380
8390
-4556
-3279
-7347
-4443
-4691
-3178
7421
1504
5257
-3343
-9910
1819
4043
3391
3495
-2743
-6364
6150
1068
-5843
4254
-3063
-2709
-4401
-3023
3415
-9747
-4088
7757
-9594
629
3464
-9110
1139
7140
-9252
-633
-4801
9311
-6272
2565
9616
5097
-7573
6884
1802
-7064
9587
278
-5056
-5441
7672
6350
-5081
3611
2967
-952
-7638
-8446
-2109
-6616
5472
9432
8517
-8104
2258
9800
-3817
1245
8170
-9229
3840
6767
4580
6118
-6376
8574
3520
-4992
-7411
6760
-4691
-3374
-1524
8181
1799
6669
4673
1391
-7390
3800
-7089
7566
-8204
8233
4022
1846
-6895
-4357
-9648
-4728
-9750
-9596
5193
6285
3781
-1857
7999
-1770
4737
-9967
8807
9638
1128
-5516
-5340
-7446
333
-818
6926
-1193
4948
8108
-1631
-5000
-3340
3965
-89
5479
-7571
3126
-2055
-3698
-287
-3936
-7004
4764
2660
9445
5388
4044
2511
-2744
-9628
1960
-5146
-3838
3702
1150
-6106
-795
9518
-5965
4419
1206
3544
2645
7884
-1885
3057
-5557
-9502
2118
2260
-3650
-4935
4647
-7160
-8357
7079
9018
-9389
-2676
559
-2631
-5143
-5722
347
-3244
6220
-9448
5838
-4623
358
-5858
3906
8669
7852
6728
7254
9232
1534
7263
-8493
-5362
-8941
-8376
7708
279
-5031
4294
5943
9784
-7924
9517
4239
9488
271
-7488
-2027
9999
1996
-6769
4643
1436
-4458
7199
7968
8266
6777
795
-8106
5409
3268
-2419
-4441
9105
9235
-2515
-260
4475
5359
-7579
4075
-2724
-8260
3636
-2795
-1778
3877
9703
-6560
-4765
4305
399
7026
854
8984
-1182
4135
-450
9743
-2202
-8703
3841
-1388
-6133
5442
4648
1223
-780
4868
9621
-8081
-1389
-3057
8860
5316
-3215
5264
-945
3703
130
-9773
-3960
-8383
-6216
-9572
1398
-8138
-7472
2161
187
-2663
5885
-7532
4555
-7039
-9501
-1217
3821
4588
2413
6898
-8449
5777
-7126
9202
-5059
-1758
-5613
-4323
-7277
3495
-7655
2351
-5278
-9100
6172
-3010
-7869
-4468
-1061
9978
4947
-7348
-4097
8654
2228
-3709
-6445
2282
-2410
5354
-5241
6154
-9424
-3025
-6090
2346
3502
-6130
3454
1841
-1058
-5420
7573
8362
-4134
587
-992
4694
-1212
7483
5490
-1907
-8515
4760
8484
2043
-5493
932
12
4194
-1596
1761
8341
2170
-4005
9808
-5379
-9617
-7127
3163
447
-2577
6624
860
2682
8279
2786
5600
-3618
695
-6830
6203
1271
-7169
-7487
-7878
4062
6085
-4715
9738
-3098
-1209
-1288
-5701
-2531
-8209
9515
-9112
-7988
-7160
8849
-8631
-6981
3448
7691
6895
-1150
2440
2927
-5089
-8280
1147
5569
9310
3352
3267
-9074
-1820
-3899
6734
2752
3939
-8932
-4071
2087
6355
9311
-5063
1877
385
2434
-9237
-1928
4693
8348
-3926
-8578
-6850
3536
-6956
-2543
2282
4700
313
-9684
-8980
1324
4995
-6716
8206
2911
-2863
-6063
-5300
-8100
-2131
-7955
-3572
8481
-4997
2581
68
5829
463
1803
-4250
8368
7818
2348
-1702
1087
-4344
9757
-5594
1931
-2585
-6335
1466
-3834
708
-1978
-528
-4361
5617
6574
9123
8922
6454
-3912
-2664
-7371
-2175
-8674
-945
4203
6085
-7915
5936
-8670
-5050
-5019
3541
-3005
1656
2217
499
-1233
4438
-756
554
-2995
359
-9246
1138
9587
-3233
3041
-2818
-3901
4396
-3476
-6587
-6911
2907
3387
-4047
1343
9531
4401
7679
-498
223
1366
-789
-8539
2286
7329
7494
8147
-5315
-7027
-8420
8089
2334
-9881
7382
3211
-2099
5493
-8825
-36
2894
-4877
-2606
-8935
6118
-9062
-8634
9221
-4151
8113
-1619
-4651
5358
8797
-3097
8417
1740
-8048
8483
2754
7916
-9588
8591
5924
-3862
-9764
8342
-3811
5700
-5214
8663
6464
-1995
2784
5594
2395
-215
2643
-2886
611
6094
-7973
-5663
328
-3615
-2562
5762
3468
-4803
8062
1882
-2230
-6104
4800
-238
-4247
-8968
-5156
2039
-4104
4658
-2966
788
2753
-3843
-5416
1310
-3779
-8572
6855
-2025
4117
2041
9893
-3587
4923
-7008
-6291
8626
1773
-5415
4158
3624
8569
8094
22
6107
2752
4971
6906
-4131
690
5809
-1421
-9386
8024
2633
-1070
-683
6045
-312
-9107
4534
-9279
3505
-2376
5992
7719
6799
-1420
7621
581
-8728
-3344
-6642
6428
560
3755
7705
5885
4113
3020
1459
-2597
-8480
800
4878
-3463
4299
-536
-7839
-6632
2688
-2851
-7529
9897
5422
-5255
-4369
-2003
-9803
1640
-8908
5320
2037
2643
1835
5905
-3387
7943
-4649
-7080
7613
3650
7505
7779
1193
8193
3770
-1461
4582
-5538
-2693
8254
9636
9050
-3422
-6488
6248
-8710
-6287
-2003
4997
-4640
1279
473
-3706
8053
-2629
8787
-7942
7977
-3751
2872
-9077
8749
1936
-5203
3037
-7492
-1788
2188
-8105
-4485
7773
6840
6333
5733
-9404
-4908
-6603
8111
9718
-8377
-9523
624
-1153
3127
-8133
3236
-9167
3414
-1879
2614
-8600
-151
2421
148
2895
6048
-1498
7465
-9278
-1031
1133
-8521
-5736
-8813
-8903
4050
3708
1915
-4365
-5114
4988
2839
8159
-8730
5716
4812
-5989
1387
2382
-4067
9736
643
-5283
-7228
-7603
7766
7800
4608
-7469
114
9747
5893
-3931
-6631
7598
2882
-1252
-3243
-5437
9765
-9966
8632
8079
-3308
-2142
-1136
2650
-8707
-5098
3661
-5171
-5195
-6913
-4960
-4369
-8604
726
4206
5098
-9163
5105
9288
-7374
4966
-9772
-1777
-3167
359
4122
4272
-6061
-7955
9267
5193
5790
-3825
-699
5497
-6887
4554
-6950
-8286
270
3133
2810
224
-6435
7007
-5418
1340
3610
-1988
6556
8949
7420
1759
-4150
1948
-991
-2290
-2820
-1490
-9215
8475
-8259
-5281
-8109
3568
-2451
-213
9550
5222
3269
777
-5407
-7827
5183
-803
9858
3889
4994
258
-5942
1191
1198
6057
7627
-5969
-5506
4547
-3127
3567
8256
8780
-979
-1457
-6857
2021
666
1432
2150
-2362
5989
5530
-9729
-6369
-4349
-104
-824
3516
9020
846
-8420
5711
6648
-9505
-2402
3602
-7870
9
-5446
8638
-2639
-1054
2181
-3684
587
5357
2082
-3274
-437
7881
-7535
-8394
-8435
5778
7619
7094
398
136
5805
-7618
7994
7696
-7930
-2653
1790
-331
7652
5592
-3781
-3423
4939
486
7427
8020
1943
-8852
8869
-6813
8000
-6786
783
-724
-4911
6171
-191
3752
-3802
-6308
-9299
-9495
-5530
38
-8104
8281
1543
-6951
-9218
7270
6487
3500
-8662
5720
1267
-2670
4796
2010
7974
1291
-4540
748
-6943
-9085
9568
-8943
9854
9719
422
421
-2316
9586
-4624
-2373
-9679
-7295
913
-9296
3505
-4019
5429
-1451
3153
-9621
-4126
-6127
-9786
9048
-9144
-6087
-8936
2686
4748
9630
-2670
-9006
6911
-9081
-2265
-632
5571
1039
-4357
3221
-4433
-164
-7546
969
4087
-4740
7559
435
-3891
9047
5297
7067
5301
9641
3166
6007
-5152
7106
3378
-575
7116
2987
6023
-2190
-9978
6879
4552
3194
-9828
-5605
-1743
468
-8822
-8933
-1548
-5143
-654
5602
-5582
3436
4734
6946
-9406
9679
8117
9194
7606
-116
-7956
864
-3491
-6338
3269
-6690
8442
9623
-3391
9787
193
3474
4299
6028
1973
1056
-8410
-7273
-2147
-8990
-5667
-2962
3753
-8240
-7480
-4012
1030
-8570
5337
-3062
9365
-4763
-5932
-7508
8070
-1204
-6951
-5464
5348
5038
952
690
-108
6079
8392
-8597
6789
1290
-1173
8592
2690
4824
-4514
-6371
-4090
4041
-588
-3340
-6607
4739
3306
-2816
-9461
-7831
-1909
-4651
-5465
-1120
-7666
4578
-6419
-4339
8931
-525
9690
-1810
-8533
5214
2131
3743
3563
9528
-5849
9277
-8499
-8454
-9916
-340
-3690
7026
5858
-5002
8374
4975
8561
7243
7099
2220
5887
-6308
-3530
-5413
-5390
-1924
859
8647
1695
1813
4136
6322
-1448
1647
-6747
8448
-7311
-7754
2031
2176
-6127
9950
-1245
8795
-8868
1663
2468
3667
-3175
-6327
6247
6851
6605
6657
1705
7984
-9660
-6862
9592
8206
-248
-4056
1051
-4843
2769
8512
4982
-9363
8524
-3158
4153
467
9493
-5849
1144
2956
2033
3427
-2246
-4865
3636
6726
7184
-2823
3160
5245
-6548
-7630
705
-4646
3435
-3470
5186
5643
-2573
3485
-2450
3682
386
-339
-155
-6827
4472
7775
-8015
-6700
-8414
8583
8277
543
-9784
-521
-238
-3121
3966
5619
-1853
1689
8105
844
3327
4168
-1623
2969
4120
1430
-4033
9707
9175
-4920
-9482
9596
9833
8255
2861
-621
2484
5897
3499
-3326
1335
7608
6346
-8310
-8719
5992
-3938
-7965
-7839
-9337
1226
-8588
-9997
-8565
5015
6968
1199
-7936
-4272
9925
-9055
1820
4229
-665
2288
7924
-7931
-7649
-3416
-8116
9234
2594
-8461
-4225
-1909
-2249
4238
-1564
-7157
-3534
-112
2734
8522
-1385
2436
-1730
8527
2663
-4024
-4256
-7847
-774
-1585
-3371
-7122
-5064
-4959
-4494
6052
-3466
-2438
6138
-6887
2086
-4787
3744
7762
5827
9679
8481
5649
-1988
4936
-6600
6989
6082
-4412
-1628
9205
915
2754
-4331
7061
16
-8736
9740
-5241
5215
1838
6021
-9126
3771
-5925
-4708
8938
-7291
8472
-6102
6406
-3305
-7922
676
5423
6634
1311
-5954
-9669
-6820
-9722
9543
6540
-9449
-8655
7698
4462
555
4135
-1216
-5118
-5467
-1198
-9180
9322
-3664
287
6040
-177
669
1664
4838
1056
5284
4681
1631
-9699
8237
9520
-6370
-9303
7773
-8185
6599
8213
-5013
-7708
4362
3292
-5864
-9226
5685
-4564
-7213
1120
-1189
-2123
-5083
777
2299
555
-4184
-1320
8012
-1492
7119
-3456
7476
7210
1464
-7681
-885
211
-5274
-5257
9099
-5026
291
6448
-347
5178
-5972
6434
6536
2697
1375
-2159
-9158
-4479
-9105
-1446
7072
-6902
-5896
-7627
-371
-7239
-2992
-6924
7142
-9066
9967
2808
-8835
-5741
-8020
-4973
-397
-4301
-5538
-4565
2266
-3985
-5414
8827
7471
709
9484
-5305
3981
-3370
-2379
-6846
9991
9816
5235
-3917
-8192
6301
-5579
7916
-9935
4582
-7472
-3957
-4028
8269
-8701
8623
7895
3931
-5786
1239
-9085
-8363
-3550
-3532
6971
1940
1865
-2609
-4039
-6439
7851
3416
-6797
-919
447
-6049
7363
-4532
1678
7531
5469
1481
7166
3974
3413
7666
4504
-2534
-9128
-7025
-2879
8377
-6623
4876
-9462
-3330
-1588
-7294
-3723
-4610
5362
-7470
9481
172
-8541
9186
-8999
424
-6880
9514
5854
4587
-9263
-3367
-1590
-6853
-4091
307
-2304
389
-8857
3177
2962
7634
-3504
-2342
7524
-7749
8425
-4280
-8477
8735
1202
-5632
-6046
9964
3639
1484
9864
-4145
-5554
6941
-1983
2438
5733
-527
-3933
6609
-7877
-9353
4139
2265
-2658
71
4307
-6535
-3785
1398
-665
6390
-7115
5088
4594
-1418
-1669
6861
8761
5028
1851
-8197
6179
-7376
4188
5624
-8705
8565
-446
-6309
-2303
-7549
6353
-8087
-505
-947
-3329
-2604
418
-1655
1139
-5989
2256
-973
6488
8737
-724
8936
-3407
2299
1051
-7464
8354
-9510
-5687
8021
-7453
3522
8162
-7770
-5251
5301
-8519
-3167
7483
6213
9868
-513
2202
-65
-7688
-8056
-2217
7012
7882
-4714
-9135
9380
1468
4531
7108
-467
-650
-7058
4255
-9937
3066
-1255
-4076
-4502
-5753
3643
-1323
-7387
-8778
-585
5824
1215
6140
-7615
7533
-8983
5046
4673
-547
-8851
-5035
-1984
4242
-7143
-3037
4187
-9185
1048
-9832
-8148
-4683
-7650
-2267
-3945
-5587
-9727
-2707
-6671
-919
-1900
-9915
9853
-5120
-3288
-8619
-9845
2629
-7698
-1431
5179
93
-1892
-1315
-8205
8390
544
-6934
1938
-1888
7283
2860
4374
9505
-9528
1122
-1768
324
813
2189
-9915
-7384
-2203
9302
2140
6576
-3683
-1872
3539
6068
-8831
-6563
5707
809
-601
-8540
2289
-3207
-6822
-7607
-7743
-8909
817
1720
3382
6977
7888
781
-8812
7186
283
9673
6901
-5666
2889
7192
8101
2235
6897
-1615
4628
1640
298
-7660
874
-4317
6056
-2386
-3256
7650
5099
-2602
7148
-5620
-271
7716
3780
3032
-9201
-812
4492
-1679
-9316
-803
8702
-4660
4373
-9885
-9453
-1385
-5499
732
5355
4938
-5331
-7959
9089
2260
109
3374
-492
4826
-7839
2352
-1019
8550
5747
-5655
6469
-3899
5365
-7449
4906
-5967
396
6707
3876
-4062
-3228
-7424
-8068
7428
4972
-7061
9188
2610
2987
-3667
-2913
-4391
-6467
9199
8297
957
6475
1085
1734
-445
-6640
4994
-2993
8926
9205
3459
29
3581
-7086
-1836
-5966
7505
-1546
-6570
-9516
-4765
7854
-399
959
5276
-9325
-49
4267
5891
9113
9211
8090
-331
5538
7559
-4561
-288
9
2842
-9148
-9162
-6681
-4600
-1400
2037
-6166
9477
4096
-8497
-8515
3647
-7426
-1287
-4645
4287
-3192
319
8940
5708
56
8373
3827
163
-9247
-9891
6042
5619
-6301
-6506
-6574
-1705
1831
616
-1130
7618
-9559
-6355
-4808
3778
-5444
8838
-7139
-9479
1425
4042
584
735
-2858
9711
3310
8990
-2329
455
-7210
-4997
-6839
9424
3387
-8389
6568
2549
5475
-9086
1445
8144
-1817
2194
-7266
-4718
-6846
7776
-5455
4077
64
-6118
-6911
3593
8780
-1358
-8043
6432
-9784
6274
-7362
2424
7631
4422
-2241
-7424
-2742
-655
3635
1466
-9488
928
2286
1075
-4756
5677
-4023
4290
6281
9375
-7311
-5826
-1405
9387
-526
8895
4629
9860
-9766
-6955
-7632
5055
8055
-4560
-5169
-8040
5772
-229
-1076
3434
-4630
-7350
4235
-8074
613
-9012
9705
-4914
1033
2681
2113
-2379
-7565
-9982
-6465
2107
9709
-9286
-7249
7519
2369
-9978
5239
-1500
6196
-6155
8173
-6662
-8750
-8791
-7092
3549
8813
3897
9691
-725
-1442
2787
-3198
-1522
78
-4717
-4169
-3602
1217
-6420
-8488
999
-9097
7656
6667
-7643
7909
-2223
-7192
-2147
2636
-3774
98
2862
3865
-9579
3248
6927
5543
-157
6057
-9994
8633
-2542
7175
-8857
-1853
3883
3676
488
-7394
-7346
-5010
-6682
-5515
8842
1785
5576
9640
-8063
-9229
-3383
-3288
8646
5177
3666
7701
-8923
8967
1389
1672
1016
6550
5034
8242
-6369
6978
-1840
-5540
2315
6611
9356
-75
-9527
-7790
-2023
4104
-7279
3507
7401
-8905
8121
8998
-1855
-2879
2723
-105
-9364
-129
-25
1183
-7823
7840
8470
7648
4937
-1921
-137
3977
-9935
1427
557
3075
-8178
9290
2052
2567
-4089
7063
-7181
4731
2467
9786
8415
5452
1642
-3620
4106
-5178
8704
4790
-8177
-2093
3667
8090
6888
1276
52
4797
-6505
-7801
-6290
7277
41
-209
4363
4776
-5482
-4739
-2439
7470
-4092
-6765
-5752
7408
6316
9179
7879
1642
-1594
-4897
-3125
-3752
8755
7047
6364
3359
6275
5782
277
4304
-8542
5262
9310
3961
-2174
281
6781
-4162
8671
2471
4026
-8750
-9291
-2101
6983
-6713
7075
-2892
7525
2417
5072
9946
4999
-1667
-2200
-2948
2241
2788
-7205
8495
3689
8263
6135
-7963
-6922
8234
5275
49
-9964
3873
768
-7816
2933
4252
1215
5227
8235
4989
8930
-4605
6553
-6133
-7416
9066
5805
-5789
4261
9188
-7429
-2509
1404
841
-1949
8265
-4375
-1708
9978
-1164
-7527
4596
-4180
-6766
-9653
2541
6515
-8276
9995
-4791
7572
-8452
-4101
-8186
-5219
8019
-606
8306
-902
-8399
9358
104
-5803
4654
-995
2983
4671
3698
-4617
-8752
4920
501
-7690
5820
9317
-9864
2689
484
4481
1102
8008
-4113
6492
3214
-4776
3841
4307
-9239
-3844
5520
-4892
-3010
6167
4806
9618
-3980
-3782
6980
8754
9016
2698
-811
-369
-3696
3643
-4387
-3143
-4526
-5204
-6189
-7808
-9548
-7754
2091
-3917
-5870
5989
-7167
-1703
-1724
-8692
-8142
-2059
-6780
-1068
1719
-9449
-5204
-1606
-6000
2937
3467
-8367
8787
-5080
-7574
6830
-8825
-5250
6616
-1510
1739
-2054
8425
5436
-6013
1295
-7201
2230
-3344
5162
6962
-4150
4481
3760
-9266
6782
9518
5977
6318
-7967
-8970
6587
-620
-8850
8452
7445
698
-9487
8404
5567
3766
-2757
4470
-5347
-8885
-302
3265
-6831
-8526
-330
5930
-6736
-6612
-26
-4509
-3658
5361
-4628
-9723
-7654
631
7062
8105
-9347
-8578
-5174
-8690
5713
-3484
355
1188
-64
-9464
2081
-5141
-9493
6235
6798
-4000
-3149
8810
-2537
-5413
-1612
-771
-2063
-7851
-9780
2240
565
-7580
9944
6794
-6814
972
2275
6854
-3071
-4593
4151
4496
3051
2278
-5364
-2860
-834
8403
3586
6285
-8164
-341
-2183
9984
-3223
-9941
-2699
1443
5445
2847
-875
6249
5374
8418
8495
-7774
-5199
6145
-2409
4165
-290
-9719
-1413
651
6937
6593
-2175
-13
5837
3303
-3914
1854
-7148
-4863
9890
3135
9864
-2513
-214
-1916
-6324
8721
4572
8162
9068
826
4585
8843
-6069
741
9343
-9352
-3796
-2128
1655
-1882
-4684
9684
5205
-9422
2242
-838
-1038
483
-8883
6877
-4208
4010
6846
-8998
-5952
-8246
2446
-6546
-1634
689
-3595
-2626
2312
2660
-3291
-8922
-9157
167
348
-1146
-9305
7376
2739
-199
-8442
9586
6332
2861
-4964
7366
-4301
4747
-3061
-5339
-4647
1546
1540
-4897
4164
9059
4386
-7817
-113
-4929
-830
6805
-7017
5000
-8954
6586
6705
8980
9849
-8348
-5012
7006
551
-5031
5911
-8370
6555
-2879
-904
5907
-3879
1956
9863
266
6651
-5841
4109
7541
4839
-4650
6547
7668
1860
-2614
4929
3601
3110
-1098
8346
99
5134
-3324
-17
3608
-2377
-8786
8119
3586
-4855
-2549
-4717
7826
-5463
2579
7656
-318
-5627
-2197
-1219
6521
2724
5456
7131
6816
6334
1397
3728
-5
-2090
6770
6143
1879
-2647
-2322
-6182
-1135
-3845
-643
-3652
380
843
4966
781
8333
1372
5209
4058
1831
-8069
-9801
8849
-4198
-8363
-5179
8071
409
4212
-1235
-6156
-5473
-2297
5447
4138
6890
-9650
-9254
1405
3561
-5688
-2281
-8196
1402
6621
2103
7227
5480
678
845
589
5886
-2226
-9630
-7593
9317
-501
9502
1362
549
-2297
-2715
5149
-9248
-3858
6058
8673
1095
5102
3196
-7219
8449
1016
6673
-5974
-5855
4418
1942
2718
-3393
-479
9079
-922
5876
-3525
-8016
-6821
2184
-618
-9771
-26
601
2220
9743
-1885
-5267
-9578
-1908
3008
4824
-9098
1920
-9612
4637
-265
5029
-6392
-3971
9499
-4547
-3011
-1008
-1245
-1719
9536
1762
-1580
4055
-6126
2689
6524
-1524
592
8906
5813
-911
-4399
-7558
-9868
6722
9823
9508
6761
-4784
798
8030
-8053
-8076
8089
4428
9204
6599
9696
2016
4703
6460
1075
2337
5472
-6382
-6530
1980
-3716
-7810
-7035
-3828
5861
-4761
-9653
-7112
7670
1590
-5646
6597
-5100
4854
-7260
-6866
-9166
8940
-381
-5326
8339
-7465
-1975
-8805
6997
805
2827
6378
9285
5267
-5738
-2505
-1517
5718
-9107
-7666
-9820
5315
-4682
-7628
4436
3566
-4294
6242
-7244
8296
-7542
-4514
6460
-7812
6342
1673
-4653
-4552
7830
-3965
-9355
-7928
7648
-8206
3532
-3836
6435
2820
-1331
3668
-2350
-1300
-3203
785
8213
2669
-9873
-1186
8061
2813
-6000
7111
-7791
-5757
6671
-690
3287
-6145
-8177
1951
9318
2136
4328
-6430
1
8595
-8948
9428
528
1922
-5939
-7634
2731
209
-6844
-9198
7752
-9108
-886
-7147
3015
5743
5496
2756
-3620
5914
-7010
-3640
-3338
-4712
3602
-6050
-1036
-3896
9451
6718
-121
-1713
-979
-7716
-870
2482
2913
4704
-4629
603
8006
-8221
-5747
-5374
980
-5422
-2620
1376
2225
-8520
2085
-7144
5548
-2333
-960
2923
-400
-5797
-9760
-8978
-5701
9037
-2018
-1408
8263
-5330
-9534
-7674
-6989
-5201
-1627
3293
-7249
6139
-9360
2932
1544
-8463
9818
-6518
1231
6862
4410
-4235
7692
-9540
7543
610
8406
-9195
7517
-331
-6346
-880
-2844
3168
2564
-193
-501
-6999
9806
-6969
-8663
873
6198
6991
4037
-2099
1309
4544
-1893
2927
-9967
7311
9797
-366
5173
-4646
-916
-7981
5672
-8998
1913
-7973
-7553
7043
-2038
-5219
-9659
-2063
-2756
9766
9071
5593
8270
1099
6307
475
9959
9060
-2168
5172
-9540
934
-3415
3336
-2365
-4836
1436
9585
6027
741
-2690
2400
-8439
-7735
-2672
8744
-3109
9005
-6667
2657
-8040
-1036
5168
-8371
-994
5467
2409
5375
-2092
7244
-9783
-9348
-3179
-4980
5459
-2473
6461
4445
8076
1454
-8789
8059
-1883
-1667
-3425
-7120
8481
6785
-5711
-7932
4014
-5211
3064
-4278
-9945
7246
-8310
-3890
9120
-8698
-770
-398
501
430
-7276
322
830
-7927
-7735
-9399
6582
2406
-4747
-7061
-1031
-4383
3415
-1274
616
3842
849
9609
3126
-1967
6980
-3633
-1509
854
-2691
-1289
-3874
5770
1673
-5955
776
-5447
9422
-7826
1950
1492
-3108
-5237
-1094
5921
1396
-3203
7406
8134
1155
4236
-700
4841
-2834
-6438
-763
3066
7670
4162
-3152
-4183
-3514
-9223
-1661
-2851
5870
-719
9975
9723
-3210
-8100
-2622
-5489
-3499
-8860
-6337
-9956
-4467
-1843
-8750
-7950
-8760
-4886
3324
9926
9316
5711
7549
-3585
-7773
-7388
-4383
3254
3396
458
6056
2670
-1806
8477
-9795
-8408
6391
8626
1198
-7104
5495
7906
8208
5747
3935
-1239
5482
6799
-5706
-4375
-8181
3556
1126
2155
3890
-9180
-1567
4504
-3328
6350
-8059
3903
3107
-9919
-6850
4465
942
8363
-2325
-2239
-3628
-3442
-9219
744
614
-2930
7131
-5296
5719
-4803
4850
47
-4068
363
1029
2730
9591
7431
-9778
8804
-3386
8931
781
4489
8441
-149
3985
8239
-1878
-900
-499
4611
9466
6012
-281
440
-220
1116
-4981
3279
-2676
6760
3056
-1458
2454
-9022
5767
1114
4059
-2550
-1510
-2911
5040
-2723
6049
-1382
9827
1214
-4614
2376
2424
2327
-3165
7422
3225
8843
2890
7991
-3095
7147
-9566
-8046
446
-6430
-4965
5116
1480
-4762
-4666
6462
-8615
1628
3861
-4490
8024
-197
9793
-6436
-6121
7010
4624
47
-7069
1300
-3000
9974
-7221
7951
-9675
-5053
-2904
9699
4628
-9092
-6553
1487
1046
8439
-9313
483
-4907
-710
-9755
5417
5325
204
9858
6686
-2908
2525
-7780
446
4509
-5601
8168
7013
8079
8864
-9189
-5668
-5244
423
-3301
3833
-891
1867
-401
5243
8308
4754
6498
9446
4281
3090
5169
-123
1235
-8021
-7347
-4904
-9637
8607
-3875
2278
5023
2014
-4997
1824
3714
6309
-926
8825
-6903
5818
-1989
-2642
914
8839
-7093
2234
-6437
-5582
-4220
-9761
-8897
-6126
9211
4655
-7705
3342
-4718
-4306
-9409
-199
-7675
2239
2274
9065
874
-6829
-8563
-6450
-3155
8129
-2810
-1010
-2070
-4548
3117
130
-3287
-2811
6708
7316
-5303
-7669
-6813
-7938
-6548
-2545
-3261
5216
912
7289
-4824
-9588
594
-985
6667
-1531
-9600
9371
487
9508
-8567
-5732
-6949
8461
-6844
1516
-6531
-5717
8155
5464
-8412
4443
-7062
-1834
8019
5697
480
451
5672
-5422
-9479
124
9952
3929
-2311
134
-3001
6077
5845
9025
7026
-1756
6180
6117
-5126
6850
-927
6973
3972
-6762
8673
-8795
9965
8572
-6879
-9859
9120
8443
8369
-8528
-2143
2456
9940
9408
-6768
8804
1475
9907
-6507
-562
-2762
1658
-9847
-7229
-4355
-3116
-8404
6333
3663
-6592
-9066
-6190
6248
-2827
-9272
-7724
6845
-3024
7554
7486
-5638
1710
-3312
6485
5726
5268
-553
-5615
3301
-3018
8740
-8360
-1518
-2160
-692
-290
-9140
2520
-1387
8767
-4252
-8961
-1084
-5018
-8208
7271
-385
6029
5701
2091
7212
-9270
4658
1593
-2409
957
-8258
6568
-4602
-9893
-6490
-9305
8908
4858
1446
-922
-921
3171
-7699
-4741
3949
3871
-9782
-6862
7580
-7533
111
-9895
-8896
-3869
-8928
1783
-5070
-9212
-3702
-1676
3590
895
-2910
8934
-2867
8694
5806
-2393
-3073
3425
5866
7033
9816
2844
-1102
-7396
9227
-7305
3284
1652
6060
-9771
3186
-8950
5990
-7690
-9152
-3620
-3502
5697
7448
4925
-5889
-8176
2447
-5877
8192
3200
6143
3910
204
8843
-3479
1736
647
-1474
9303
3126
6462
5738
8039
-8991
-4268
-3866
8486
-4878
7649
2098
4520
8036
215
-7037
2648
-1622
3758
3567
-9669
-3669
6126
-2812
-6234
5436
7613
3186
-1297
7092
-7492
-6049
-1951
-6714
-1550
-5563
2273
-2195
-5974
8105
9992
9873
9108
-1963
3860
7071
-5247
-6923
-5907
-4406
73
6679
-9971
-9061
-7686
-8740
5013
2046
-2383
4370
-9818
8324
7034
488
-9375
-1013
7439
-3452
3198
-7177
-929
-9437
-8358
-7498
-5062
-3952
7271
-7573
1055
3495
-5335
8509
8313
2901
2770
9723
5311
9258
1902
476
-1257
570
4368
7430
79
-9642
2763
-9524
8500
218
7281
-5705
8424
926
1839
4458
-3725
7688
6045
4309
2518
-8507
-5669
-8299
-4302
-7129
-5031
2400
7602
-9334
961
-2025
26
9538
5244
8372
-7413
6587
-8138
2107
5086
-586
-4096
4300
5149
-2991
3505
2374
6639
-6099
-5088
-2964
9777
-1973
5863
-5867
-7846
7045
-733
7698
-4020
-53
-8785
1412
-4429
-129
-125
-1986
-1165
6155
-408
-8464
-5262
-5255
4355
-8872
-6552
176
360
-6022
-92
-4235
-7551
-2216
-8422
5598
-5599
-7236
6548
3288
1597
-6549
-5229
158
269
-4340
-8485
7327
-1055
9387
1288
-1839
949
-8947
6046
2682
-6341
3113
-3032
-51
4413
4961
4403
-3268
3467
-2894
6144
4902
2724
2224
27
-4982
-4733
-5107
-7402
-2632
1655
-3943
9522
6154
-3893
4420
6709
-1327
9575
-5607
2257
2917
153
-5731
-9079
7643
3296
-2630
2764
7780
-9961
-3747
-7590
-1872
7193
7672
9842
-4569
9585
3631
-9685
320
4418
8206
631
2247
-6617
-8262
-3969
-1380
1521
5278
-3582
-2421
-7766
-5144
9471
7608
9918
-7600
7686
-6635
-4559
-5355
5597
-6261
-14
4597
8017
8775
-6022
4790
-3571
5433
4243
9323
-7950
-5668
-572
8641
-2939
1896
547
813
-9628
3039
6567
8520
-4478
-747
2060
2198
8491
5517
-7099
6829
8155
-181
7184
-2866
-1903
6711
6534
-4736
6379
-2160
7604
-1877
-8591
-3116
6405
9647
-7174
-9921
1152
7813
6865
-4034
3773
374
-6305
180
2575
784
-6665
3660
-8164
1215
-466
5199
-2268
-1192
-6283
-8091
9879
-953
3841
-7190
-7031
9612
-5575
4780
-7272
3882
9187
7981
-9168
-3098
8936
9189
-7080
-7238
6223
-8682
-4285
-3492
6154
-6952
-2864
5946
-6739
5799
2863
1857
-6383
-3204
3789
-4229
-2273
-8757
3
-7391
-60
902
9057
-4442
-4377
-4081
2551
-1542
8501
-4214
7817
1746
630
7750
8142
-9221
8681
4963
4795
8302
2198
2962
9639
9166
5672
-9369
9479
1798
-4713
-8827
9031
8380
-2034
9444
2845
-6995
-8000
8741
9187
-6424
-8276
6128
6379
-9901
4259
-1219
-9115
-9281
-2630
6597
649
7105
-7009
-3683
8751
406
-1024
2824
555
910
5526
457
173
-2
9453
-5855
6663
-3602
-4032
9714
-7437
3746
3557
-3872
7877
-6501
-7384
506
1747
-2895
7327
7932
5460
-4077
4595
-7482
-4819
9241
7132
5974
-7186
-7775
-2085
-2078
42
444
-4203
1008
153
-7676
8166
-6737
-5723
-3324
435
-8657
4614
-7993
5797
-9940
3844
-1703
-9446
-6661
9394
-8133
-8008
2058
9403
7293
-4550
5848
-7501
8249
6404
-9494
1429
-5101
-9201
2012
-1135
9562
-9122
-6163
5887
2517
-7601
9185
2132
7165
-2558
1943
-5231
-6500
8461
19
5860
-1666
-4148
-2989
9939
9385
7339
-3734
-5742
1394
8214
-8455
-6079
6208
5512
-3676
1255
-2739
-6492
-6050
-8771
-851
-9505
9472
7720
4867
2272
2143
-5065
-7901
7191
-3258
1909
-8122
-4105
9441
-5945
7000
8770
8927
-8695
7764
4360
-7825
-5859
-9112
854
5044
8289
-6301
-3738
1842
8487
-40
920
-3579
