2255
2526
-2147
-6270
3434
6730
7886
4617
-6000
-4321
-1422
-334
8181
7627
7285
-8605
9722
-5503
1457
2177
-3204
4706
-9362
141
-6424
-6490
7812
-1071
1
-5551
9273
3806
6586
6465
8607
5281
9601
-6327
-9930
4458
158
9074
8144
555
716
9183
-1181
-7207
5653
6877
3960
-5982
6348
-3455
8260
9604
9950
-8354
7724
4025
-649
4213
1172
3658
-6507
-7063
-7352
-4435
8236
2335
4041
7241
-2204
8065
1478
-5554
-7074
-2299
1550
4182
5180
1819
-3003
1931
5678
-7886
9779
1208
-6550
-7585
-8515
-6784
6085
7077
2221
9407
-7191
-2137
895
-8710
-7802
964
-1488
-1612
183
1156
2887
-8446
3794
-9738
927
-2360
-8609
1703
-8730
-6615
4843
-6209
1789
7190
183
5644
6009
-4246
5957
8442
161
7893
-6798
5928
8239
-8417
5893
6862
-7200
-5841
5777
-689
2477
4060
3018
-7773
8902
-347
2939
1884
2366
5785
9146
-2998
-9960
6866
-5323
-7489
6704
-708
6589
-5939
-9919
4147
-1389
-4528
4855
-4513
-1137
3884
807
1443
8835
9726
-3926
6775
-3618
-7383
-318
478
-2311
3907
-8204
-5281
7322
270
-5197
4935
-6952
1409
8776
1891
-7158
3417
-9049
-6463
-7277
7318
-1867
-2832
2573
-6942
7624
4433
-1639
8668
-8678
2468
8731
-1955
-1566
385
8981
6252
3767
3807
-8540
2605
7953
9678
-1025
3250
8922
-5948
-9962
-7864
-9727
-6701
-4669
-8005
-8092
-2706
-3943
-1901
-3970
1986
-6648
5208
-5981
-1131
-9052
-3035
-832
5914
-5679
1194
-2045
8432
2120
1272
-6258
-2885
6968
-401
-8800
635
-6186
-3364
-4039
-5631
-2896
4132
-7631
4833
-6787
597
6715
-8582
3206
3681
-5010
-404
319
916
-1576
-8148
6720
-8755
-3636
5903
-4101
6097
4523
-155
9326
-5789
-4643
-3037
-5855
-1106
6045
-7190
-8822
-3982
-7092
9820
4309
1150
-4670
-4107
2389
-6773
9229
8584
2780
4595
-1404
1593
3602
-9287
-302
-6266
5644
7841
8240
-3690
7201
7225
-6748
-9614
-4955
9174
-3000
4115
4095
-2877
9297
3222
2412
-2140
-995
8043
-8279
6843
-2478
-8785
778
-2067
5880
-5701
-9048
4943
3063
8396
8887
1751
-5741
4132
-6862
7654
5826
1285
9728
2490
-7128
-249
4933
1680
8240
7502
2071
9635
7710
3917
-1972
8125
-3251
6663
2330
-2173
-9759
-566
-1793
3542
3038
-1893
-2030
-4141
-2607
-2716
-2293
-6464
5008
7013
-7631
-4328
-6340
2773
-3680
1143
489
-6239
8643
-4682
9047
8233
-4852
-1737
733
7850
1434
1150
6227
8238
9502
-6557
7307
6842
9074
-8862
-4214
-421
1369
-5782
1397
-1628
-142
1917
5723
-6847
-3629
-1417
-9985
2259
-3133
7063
5728
3657
-9753
-565
-3910
-2479
-9976
9148
177
-95
-9997
-4119
9021
60
-6058
-5784
4329
-7652
-1658
-8144
-1018
-2125
157
351
-1814
9979
3023
-3440
-4807
3381
-2608
4639
376
-7568
6271
4578
5457
-1114
-7499
-5631
-2388
-436
2333
136
-4946
-2313
-9999
-7342
-4505
9083
-6212
-8965
6995
-8501
4900
4021
1322
7457
8513
-399
-7918
5903
8601
9811
9295
-2392
9832
-6151
7570
5866
5621
7349
-5563
-6923
9804
4919
-1604
-7693
3007
1066
5756
6991
384
-979
1441
-8187
429
4039
-7813
-9173
2459
4170
-5864
-5471
-8352
-9483
8362
-7478
-2036
-2214
1532
-3567
6063
2075
5651
7406
9515
2501
-1944
1008
1592
-1710
-9192
5259
3475
-9063
2949
-2001
6693
-9818
-6218
-9795
-8385
-5481
-8575
37
-7390
-9068
9397
-126
4038
423
-4644
-2872
9588
-8466
-7407
7092
-9184
3480
868
8526
-6893
-9580
6453
3926
-4664
7820
1153
6338
-6928
797
-121
-4361
3890
-1327
7580
7567
874
3985
5152
-3916
646
2115
-2069
16
6484
-7914
6266
-877
-518
7359
9711
-4195
-6951
2801
1609
9021
8503
-8416
-9432
-9533
2592
-7569
-8923
-8622
-3587
-5720
4805
-7183
-2780
2623
-6355
-8584
-5666
7538
8692
-5515
-5705
1921
-6447
137
3819
-601
2056
-9604
-1104
1258
-2310
7811
-5554
8064
-3363
3915
-8623
4740
-9365
-5144
8247
393
-5830
-2286
249
2783
2938
-5781
7924
2173
-2509
-2503
-3330
-8105
-1847
5525
-4759
6177
-207
-4159
6068
-925
7042
-9492
1132
9898
696
7995
-2699
-9719
9758
-7589
-9590
-9496
-2247
5843
2205
-2175
-185
7078
3494
-3407
7855
9472
-7415
-2534
5301
-2333
-1767
7287
6562
-7457
-8379
-7657
-4639
-5312
2266
-9233
-5169
-4285
-7344
-6166
-3322
-4794
7773
3134
-6246
-5488
-3319
4956
6714
5918
-9246
-3611
2229
6196
-6951
-5348
8847
-2576
-6074
3217
5059
6448
7634
552
-4890
-5309
-2399
4585
-8619
-6750
5450
1416
8828
538
9568
-9614
-340
949
-6910
-2716
-785
404
3865
2733
9021
-6361
-2081
-1730
317
672
8272
273
5
5021
1786
8600
-1216
-6600
1715
1139
-5047
3843
4843
-3269
-1914
-5449
3199
-1110
6487
-2174
8006
8449
7157
6360
9391
3597
-8490
-9695
-8430
-8478
7319
-8054
6181
-7384
9803
-478
-686
-3288
-7898
-109
8357
-417
2422
-9133
4839
-8741
-9689
20
735
1151
-2420
-9928
5931
-8570
6375
9904
-4552
9920
4125
5860
-6504
-5394
1784
8355
-5712
6639
8022
5078
2848
-3875
5733
-3711
-2603
7791
1777
-984
-9964
6845
6660
-1233
5864
-2202
-170
-4982
7214
676
-5068
2181
3208
4994
-9723
4801
4188
-3437
3886
3861
-9540
3508
-4507
6813
-5955
-6071
6900
3204
-7319
-8830
8480
9712
2836
-5791
7047
4889
-5810
-3742
-7113
542
-1693
-6239
-3652
-627
5298
-477
-2692
-6404
-1474
-6913
5413
5710
-1799
1464
-7703
-1683
-6575
2182
7702
-4852
5590
-9203
-7905
7371
-9631
-4192
-6672
6515
1218
5293
1894
-4691
-17
6275
6857
-7340
-7957
-3522
306
4847
-230
-7086
-2684
3332
-4153
-1451
-6768
1031
5971
32
-1430
3297
9456
-1047
4861
9274
-3787
-3313
4906
-7280
3645
5705
-667
-5831
7745
-7168
7452
-8388
-6567
2214
-2184
6343
-2651
4314
-9316
7403
-7077
-5448
1028
-363
3910
5347
1486
-6166
75
-8998
9641
-6967
-5989
6655
7881
4946
-6883
3154
-1033
-9522
730
-8144
6168
-637
-2184
6180
-4120
-6926
5469
3434
-7652
5847
9401
5074
-5024
-5177
-4995
2603
5242
-7582
-2249
-2968
-481
6699
-7153
5548
-2580
-2711
5823
-8491
682
-856
8723
3157
-8259
6466
9263
-6766
6478
-3802
-4163
8459
7673
8986
-447
-2989
9363
7198
-9141
-5632
940
5896
-1473
-4877
-1584
-1440
-9951
2017
6605
-9269
-8384
8817
-979
-1961
8108
5159
-6412
-9872
6137
1896
-403
2793
-9646
1137
-454
7199
9778
-2664
6915
-3151
190
3644
4397
7790
1525
-1510
7169
188
-844
-3683
-1506
-4212
-5995
-6703
-7787
-3325
-6487
9693
-4875
2569
3235
9918
7338
4834
-7681
1820
3839
3677
-3218
-9322
7862
3016
9386
8007
-7076
-4392
6412
-2314
-9626
-8060
9507
-6554
7723
-386
-8723
-7671
5832
1847
-8603
-1205
-844
-1429
4035
-8415
7237
-9583
-2395
-5739
-7386
45
151
-9933
-8293
3912
1116
-2650
-5347
-6258
-7028
-8551
-6211
-8304
-2392
9139
-6607
3166
-2549
9594
-8339
-9928
6089
5920
-9718
-8851
-3052
9381
-7660
1439
-9416
5139
7849
3122
-9772
-5038
-9159
-9884
3341
1078
-1965
3033
-3151
-725
-1491
-1049
2369
-7766
-2869
-7164
-209
-7212
183
355
2542
-8337
-9367
9059
-2427
6693
-1925
8620
-1245
2986
2338
-2712
-3188
-3607
1969
-5691
1163
-8771
-207
4139
8604
6138
-7400
-1021
8662
-3418
3310
4563
8340
-6034
3467
-8917
-3374
-9105
3474
-547
8927
6445
799
5949
-3462
6848
6211
7223
-5915
-2035
1582
-6509
-7963
-9470
-2256
-6517
6624
9122
9723
8953
5447
-5175
-7711
-8255
82
-4440
5770
-8958
7832
-5909
4063
-7544
-6979
3762
3444
7652
5082
471
-6649
1989
-8874
7960
5213
4860
9475
-4629
7658
775
1611
4338
-2188
3784
5756
1664
7394
-3584
-6657
9500
6981
6807
-4902
-9825
-9762
-5053
1574
1208
-7080
-7167
8539
127
-9111
6912
3014
9566
1175
-3310
-4983
7500
-2883
-867
-3712
-2456
3618
830
-1826
-5746
8910
-3566
-7096
7920
-8391
-485
830
3606
-2524
-6664
-5658
-8247
1588
-2778
1786
-8648
6741
8231
4847
-6105
5854
5162
7247
8906
-3490
-3704
9792
8001
6903
-3145
3463
3091
-1510
-5675
-1371
-7542
2714
3055
1645
2993
8272
-9271
-1292
8467
-5472
4523
-73
-4776
-6745
-9142
-7402
-1348
-302
9371
1570
3863
7648
-3340
9594
-1837
-2843
-7654
-4138
4585
3212
1601
-8950
-1779
-6070
-4700
-2238
-4472
2476
-8188
-2926
-1142
3641
-6480
-7886
2041
-7235
7254
9784
-3379
590
1392
-9681
-1482
8557
-2543
-5145
9291
-6953
4549
-2152
-5559
-6590
8435
-2747
641
9029
-7731
-6032
-829
-7541
9625
-7154
589
6921
-9238
-812
6564
4554
6910
-5913
8885
-3694
-3353
8558
2623
2226
-1574
8639
-1140
5429
3765
4758
1129
6932
1759
-445
-8291
1017
-6819
-4046
3394
5622
5907
-7764
-1424
-9914
1956
-2070
629
-198
9496
-1872
-3829
8085
-4932
-953
5682
4910
6716
-975
-4629
5932
-8117
-9163
-7414
6205
-8710
1525
-4859
1452
5053
-9621
-510
5298
-8053
-1599
4419
6252
-44
5421
2102
-3737
97
-979
3033
-4175
-9486
545
7315
-9865
1367
3459
-7779
5067
1949
-800
8471
-2915
1009
5646
8403
-3959
-6961
-1496
4951
-291
6611
-8867
-1394
-4787
-6333
7081
-3173
-35
-1857
-8695
-8645
2839
-8900
-2900
-9970
-1294
227
-7920
-2832
-1348
-1153
9996
4329
151
-384
-6684
9948
-532
8567
2983
8592
80
-4101
-5182
-1456
-8687
-3809
-3209
-818
3372
6768
-2352
-8502
-9320
4360
-6553
2210
-5713
8284
-1407
-9488
-1562
1382
-9220
8277
5976
4251
-9670
-5297
-9310
5425
3625
7141
-4207
-1829
5473
-5597
-805
8901
2757
5910
8857
1834
5234
-9493
-4408
-393
-7665
-4294
4912
9085
-2782
-5482
6023
-1919
-8543
-7493
-7278
-118
2190
9204
1230
-1700
2549
-6991
1207
2511
8936
643
-78
-3388
-6556
9488
-9645
1188
2687
-6981
-8199
-2838
99
3240
2281
-5080
-3871
6953
-7301
7472
4932
368
7929
3291
-8421
8785
5121
302
8932
-4635
-8337
-772
3622
1413
1093
-4026
-7413
-8175
2336
-5635
691
7793
3453
809
4717
-4732
5181
-2237
3302
9434
-7220
-3889
-2109
-8760
4273
-1562
9833
6752
-9679
5299
-8036
-345
7516
7784
9175
6451
9398
9209
-5548
4067
-8528
9664
-7264
4083
6540
-2521
86
2244
-6513
-6911
-7584
-6676
9620
-662
-7940
-3514
3755
-275
-8566
-5512
7625
-5165
3873
-6479
4125
-5521
-3028
-9544
-2191
-5226
2004
3562
3808
-6897
4930
-1571
4610
8435
1109
7465
9900
-104
-2655
-668
6650
-141
3082
-7822
-9987
-9271
-8606
-6336
-6046
6932
7749
6441
-7510
-7940
-2562
-2793
-7855
-5091
1410
3005
8843
2510
-4738
2053
9087
1642
-7220
4888
9092
-8951
3889
3395
-1859
5420
-8256
3519
9031
-1320
4931
-2201
-8230
-3782
-9868
-607
9435
-3765
3460
9243
-6094
960
6733
4874
2470
9465
7693
3885
-9410
6
9260
-728
-8542
4428
4011
4298
-4547
1200
-457
5639
-1587
6112
4547
-7137
282
-1193
-5185
8345
1719
-1252
-4412
-4982
6084
-9654
-772
-3233
-427
786
-9651
4956
-9920
2730
-7870
5448
3247
4733
-9084
7706
-1397
-339
6621
-6664
-4480
-6972
6486
6664
-1738
2099
8310
-6429
-8250
5134
6278
-4753
4691
9564
-1583
-5657
-9392
-2668
7366
4857
-4239
-8671
7378
-6246
-615
9417
1819
-6963
-2344
-888
-3560
9139
2183
-6584
-3347
4728
-3284
4510
-8418
-960
-3786
-6014
-7769
3545
1027
-465
-9813
-2046
-1578
6868
-9759
-2880
505
-3538
-1956
-4340
8203
-1229
859
-3329
2767
9026
5373
7418
-281
-5824
-3137
9975
-1934
9763
-7068
-2545
-4702
9084
6892
5619
5475
-3410
3307
9986
1040
-6566
-5158
-4096
7974
9355
-1077
-4450
-8273
-5356
7565
-6025
9699
5383
-7923
-4449
-8561
6428
9094
1678
-541
3178
-7620
8755
-7820
8431
5720
1289
4173
-1689
-4204
655
-6424
9602
9324
3530
9947
1662
-6098
3025
2559
-4023
-6768
9781
-7365
3455
3367
940
-2656
-5890
4820
7522
9988
-3823
-7299
9376
-3859
1226
3624
9711
4635
1819
641
-7044
1474
9049
-3418
-7095
-1796
-8431
3680
4558
4889
4492
986
-1089
-6303
2123
-1449
370
1180
-5692
1442
-2966
-7826
-3582
-5841
3692
-54
-5088
-5842
2639
-9875
9943
-1282
-203
7780
-6005
7373
577
2655
9016
-6606
816
-2750
5460
-5564
8943
8672
9757
6238
5594
2827
-2446
1977
3678
2348
6762
4550
3581
-9285
2410
-1099
-571
3274
8306
5751
2965
5060
5488
-3407
9241
-3033
7041
8025
-211
-3513
-745
-7828
4773
-9338
-575
-689
-1394
-1057
5925
5954
300
-5557
-5458
-5142
7710
9960
-5838
-4624
7695
3348
-8070
-2825
-3587
-5975
-696
4048
3927
550
592
8392
5840
5973
-3131
7528
4704
-4530
-4627
-3458
519
1117
-6304
-7247
-8794
-1307
-2583
-8461
-4825
2472
5255
3871
3220
5635
-1444
-2874
-4207
2955
2874
9005
1453
3799
-8718
-9890
6941
-3015
6519
7035
-393
-6683
-1769
-205
2238
4774
9627
6316
-5112
3784
6336
4530
-8100
-3104
5548
-649
9442
-1431
-3486
7172
5955
-9915
-878
-7274
-6013
6198
1842
-72
1516
8112
-7427
-5809
5806
-1030
8974
-1138
-8023
-6607
3362
-1113
7226
-3579
-940
-9657
287
7766
-1553
7397
6491
-10000
690
-1670
8671
-8171
8919
2114
-2648
8798
1661
6605
2798
-4704
-8106
2661
-3394
4601
-4239
-2639
4648
-4944
-3753
1102
-334
2012
7495
9728
8846
-8122
-9306
688
1415
-3026
-9666
4800
3624
-9268
1427
-8400
2921
3259
7573
4663
-2304
-7892
3494
-1989
3847
-3504
-5604
3641
6111
4366
-2146
5861
2024
-6203
-1044
6621
4811
-3777
-6379
-4697
4241
2075
6849
5651
-5524
3299
1155
-4107
3757
9397
7712
7241
9406
450
5647
8098
-4261
-2857
-2729
-7382
-8209
-5799
8520
5248
9191
4294
-6275
4060
-5815
7058
9692
-554
-5614
883
-9230
-943
5993
2934
9993
-8452
-6545
-9739
490
8277
4072
8734
-4815
-8377
4427
5584
5014
2254
-3958
3419
-3974
6207
-5701
1589
-1280
-2190
4282
-8669
-2965
7360
-6110
-4174
757
-851
7946
6441
-6212
-88
-2881
-158
3730
-5478
-5314
1935
-777
-6082
-5098
2772
-4623
-2123
7337
-7188
6940
-1462
-4949
8528
-8775
-1244
1116
2611
-5917
8506
-4217
3677
3570
-7357
1064
9246
-5734
-1704
-6248
-5234
5776
-7921
-1782
-7014
-3790
-8630
-684
-7972
-6790
2128
-667
-8439
-7086
6541
-4513
-1074
8433
2089
1789
-153
1988
5391
2378
-364
-4413
8903
-5092
-6971
4195
9957
-5189
7007
-7450
-6612
-8605
-1099
5831
-4163
3422
-4312
1004
-7474
-1569
-8158
1100
6142
-4236
-3156
9253
-7364
-1848
9798
-1971
-5451
8572
5590
-3452
-3327
-8886
-1312
-8867
-3684
-2629
3045
-9639
-7099
6949
2101
-7192
4684
-179
2106
-6486
5859
5136
9842
-5128
-5900
-2392
-5266
6243
-7718
-5876
-9746
7584
7479
5885
7469
148
-1012
-6425
7635
6140
-8272
-1715
7822
4067
3064
1289
-3568
7747
3512
-6500
5468
-8381
-3471
8110
-5499
7462
4422
9784
-5684
5799
4207
2127
-3954
-567
-1583
7417
-8671
8914
2910
5242
-9704
4069
-3333
3934
-9108
-2786
6849
4024
5997
1578
-6271
9928
4190
-8400
2432
-1076
-3267
75
-6102
-4168
-2905
-604
-1223
-4988
-4612
9503
8602
1178
-2253
9012
1860
77
5062
3839
-5074
-1897
8731
-7141
8635
9882
-2068
-7405
-8619
-9296
-2975
6138
4433
6364
-5331
9481
332
1817
289
3380
-3725
-1753
6791
5878
-405
8186
-5305
8704
-7779
-1296
9067
8526
-2737
-842
2546
4665
-3868
-6262
-2599
7146
-4550
7554
-8718
-7137
-8254
5623
-8515
-7800
-1781
2461
2812
8656
4009
1207
2691
-9340
1979
8774
-3511
-2697
3614
-6979
-77
3129
5467
-9381
3384
7819
-3717
-6242
4172
2658
7452
-8770
-7324
9469
7449
-7717
-3010
923
-8954
47
5816
1884
5855
1573
-2771
-7111
-5174
-110
-4270
206
6793
6484
-5409
-439
6441
2280
-6750
-5712
5594
-4622
8669
-5633
9620
-1884
-4446
-6353
-6859
-5455
-1949
5378
5517
-2941
-2126
7391
-8636
-9417
-4697
-1584
-4810
1079
-5687
-7109
-7825
-9124
-5973
-386
5778
-3064
5300
319
4689
8248
7981
7567
5461
-2965
6962
-9566
6925
1732
1481
-8011
7805
1787
-5257
-9912
1928
-3651
-2887
-4702
3706
6816
6239
3137
-9763
-1578
-8617
2726
7367
-5816
-4945
-455
-6657
4898
7079
-4530
1480
-6251
-3161
-5846
9718
-2658
-2940
-8784
9262
2641
5878
1960
5449
2558
7639
9465
-9349
3737
-7871
-5091
-9582
5785
-7388
-8537
-3537
3505
-2331
-4057
-6428
-5956
4786
7092
-8031
4065
-1257
-5105
-4003
-7844
2859
-4865
1740
9001
7747
-5532
-1369
-6565
5030
-4051
-6635
-4641
3660
-336
-2789
3079
-3521
5075
-1642
100
-6998
-6983
-2591
-7025
-7718
1845
-3327
-7870
5580
-4820
1161
-5018
-2663
-3135
3149
5831
57
-7370
999
-6252
3510
8841
-8566
-7073
-261
-3977
-4273
9532
-4618
-8030
-5870
5181
-7822
-3783
9953
4044
-8347
9678
4202
1877
4400
5862
1606
4180
2478
6759
-3421
-866
-3943
2658
-226
-2733
-71
-7945
2796
-4221
7123
-3298
-6540
-1954
2195
6125
3934
-9542
2634
6689
-8141
8617
1894
-1579
-312
-4976
5583
5139
9722
-2627
-7104
6970
2396
1480
-7423
6218
-8443
4053
-3726
2837
7073
-9831
4187
-5590
9343
3632
2141
6415
-7151
8655
-8369
-8743
9624
5717
-2298
-1162
792
-2262
-8890
-2817
-6858
612
8075
4029
-7868
488
-7340
835
35
-2283
5360
1622
700
-7759
-6827
9723
-8596
8486
-4201
5303
-8772
-1177
9871
-4755
9237
5943
549
-1657
8506
567
-5122
6604
5155
-4421
1075
-1648
5109
1267
2817
203
-8657
3764
7785
2108
1429
4710
-4112
3313
1459
-2929
-7084
-5981
7849
-1600
-6387
-7751
-3248
-3157
5630
-1912
-3537
1882
-1320
-2637
796
-6878
-9544
-497
7191
-7904
2435
4384
-3612
-586
-5928
5498
7680
-6230
-5184
-7281
5138
3078
973
3497
-7083
53
6070
204
-269
-7069
-6488
7830
-8599
-7110
4741
8875
-6748
9260
-9530
3866
3386
1266
6163
-7029
1078
-4249
2765
-8413
7373
-6226
-1923
-5949
-9664
8780
958
1299
-1240
-3920
-8942
3814
493
-7539
8924
-4958
4810
-681
-4151
-3438
1615
2165
1050
-703
3736
9690
6055
-7392
-3638
-9043
1206
8961
-4647
1693
-8301
-9512
-4307
-5755
6360
-1181
-6206
-1594
-5269
-1111
-1437
9067
9049
-6365
8616
8622
5575
-2553
7202
2265
7820
-697
-4549
1451
-3703
-5387
-3423
7750
-9845
9439
269
-1086
-1211
-9479
-8131
1924
-2263
-5385
6485
9937
-9700
-2841
2679
961
-1473
-6103
3440
-2102
-7771
2611
-3270
-7384
8413
-836
-472
-9476
-9053
4180
4606
-7119
6286
-9555
3600
-1875
1320
-4100
-7849
-3209
431
1975
-6441
-6222
7670
10
5207
4124
-1139
-4474
-2213
-9834
3258
-7752
-1400
-3647
4183
-9589
7269
-7236
9494
1015
-152
-5387
3428
742
7151
5185
422
809
-4624
8158
8059
2681
-9373
8786
4813
-4412
9117
-2680
9041
1743
-2337
1181
440
2270
9786
-2944
-9547
-1106
-9802
5072
2678
9094
-9535
2690
-4574
3787
-8102
590
-7130
2274
9443
8642
-7222
5789
8406
-9057
-926
-1401
-633
3166
514
-4674
6257
-9357
5593
731
1170
6515
-8697
575
-9701
5040
9634
-9082
-6620
-5766
1810
3849
-5390
-1194
-5383
-6877
-5281
6278
-8257
5639
-498
-2518
4072
-2611
6926
3993
2192
1731
2470
1302
-33
-563
2174
-9096
-4964
1361
-3712
-4226
-4786
-9877
-2256
-4936
7182
1200
-3860
-1927
9956
-7650
5107
7075
879
-4874
-7492
7281
-4870
-5085
-5079
9169
2817
-6276
-6735
7213
-7264
-5049
-3606
-2720
-4667
-5610
8622
-753
7841
-9794
7625
-4489
-7826
-476
-3396
2825
1564
4876
6579
-5973
-3146
-1759
-5861
3437
2238
6593
303
-8731
175
6862
1597
6592
2951
1041
-6664
-7587
8675
-1862
-4645
-2832
9485
-8843
-3118
1917
8212
-991
3708
-1936
-87
-2594
36
5410
-7642
-5415
-4992
4579
5329
5322
-2734
363
2713
555
-7920
-528
367
8310
8688
-7678
1302
9917
7751
449
-8023
-3568
6395
-194
2492
4743
6505
5168
7194
1849
-8569
393
-8704
9330
9169
-4644
-9250
3494
3361
4160
3958
5115
-8567
3015
1879
-1942
9408
979
-9735
2784
6111
-7362
6096
9564
-1312
-1400
-4754
-5435
8947
9291
2857
5204
-8260
7958
458
-6672
6004
-2267
7234
-793
7191
7134
-1498
636
-6875
4334
4601
5869
2904
4244
7335
-6783
2699
-9853
6188
-1589
7545
-2286
8648
3978
5940
8606
2455
4309
9935
54
-8501
-3726
-6067
540
-5788
2465
1557
3627
8454
3962
-7467
1456
-741
-2153
-1604
-6052
-6066
-1818
855
356
6945
7318
2285
-3691
-8016
-4587
-7719
8028
-9078
-1252
-4063
4691
6939
-3715
-4881
331
-6918
645
-2798
-4754
-885
395
-1838
-5666
-6846
-2012
4920
2037
-2862
-8457
9143
9979
1379
-6197
-6766
618
6401
1282
-3195
2321
3338
-7896
-1745
7298
-1426
-1621
2438
57
9738
-5002
5513
9935
4305
8775
-2777
1311
-5863
-7186
-7333
-7617
8109
5743
-269
-8090
9952
-290
790
4200
6863
-4271
4672
4142
-4276
-5423
5969
9728
1835
-5257
-2850
3913
-1490
3657
4719
2103
-3774
7114
-6642
1862
6370
-5741
-4996
9647
-4096
7188
6334
-2626
2940
7561
3539
1613
116
4617
-732
-9013
-2759
6165
-8351
8842
1339
-3310
6513
-53
8226
-2684
13
6822
2306
1546
-2904
-5399
-8235
2609
-7771
1289
4864
-8552
-9656
-3342
2775
-9922
9319
-4508
-4962
7226
-2378
850
9377
-8481
5761
-2335
-2069
-1511
-3865
-7285
7341
6552
2896
-9208
4328
-3832
5697
5856
-591
-9882
-8954
-5493
-6445
9106
-1600
-8647
3438
-6856
-5445
-5837
-2969
45
2968
5765
3113
-1903
5571
9084
6087
7197
9126
6872
3766
-4250
6961
8494
7080
-7384
-8343
-2484
3711
-81
-6816
2837
947
3676
1536
3930
-2567
-9037
4544
-4379
-3530
4278
8087
4379
-7367
-811
-447
4874
3627
6078
-7627
9693
-7966
-7784
-2769
-5887
1281
6389
-6522
9242
6680
2021
8758
-3045
-2372
-8118
-2824
7989
-4157
-115
-5795
-380
-6789
-3366
-920
5692
1037
1229
1977
-1645
-9532
-5459
-2298
-1823
-1977
-2727
1944
4527
-8512
3552
-106
8288
-6700
9743
-269
6854
4303
777
-6359
1519
9450
3557
9490
-372
3066
-9734
6879
-1556
-3666
7857
-7281
-3854
-458
-1763
7557
3033
1136
1461
-2144
-9493
-4032
8345
-8001
-6184
1787
-1955
9533
8733
735
-463
8809
8497
-5888
-8230
-5359
-2224
250
-9502
7980
3459
-3984
-9067
-4541
8928
9553
-5023
-9535
2404
-2594
-6704
4388
-4402
4170
-5863
3411
8849
-5490
-7620
5880
-7636
-9897
6621
-1739
-4056
3957
-4199
-9270
1635
-3992
-6536
-2418
-7596
199
-3510
-2335
-3280
365
-1723
-6258
-4109
4925
-1530
-8623
9142
8162
-2089
4790
-4039
-9654
8519
-3380
-9983
-2612
-5977
155
-8391
6949
8179
-5151
4104
7870
8411
-3891
-226
8737
7912
-9956
-7869
-3269
6400
1947
-3956
-203
-687
1875
3653
-4933
-2934
8868
-2885
-2084
-2201
3325
2399
7810
-6203
-3789
-4814
1447
5149
-8064
-3694
-1163
7623
2328
7071
9313
8034
2586
891
-3976
6880
-162
-9841
9606
8484
-5281
8684
7546
82
-6740
-9452
3275
987
7146
8220
6780
-6089
-6050
-5750
-6678
-4062
6570
-4461
6928
563
-2681
2312
-3246
302
-4599
1292
-6545
8414
5439
1769
5380
-5774
-8664
-3977
9241
-2997
-6786
7848
6046
-71
1199
9264
9827
517
9958
3907
1040
8533
2686
-5380
5480
-1845
2207
-5578
776
-590
216
-423
-1386
2186
-8458
-7388
-1146
-1552
-3113
456
-5746
5387
4823
1576
9558
7115
-1096
-8723
6611
-5859
5468
8953
476
8750
8030
738
-9799
-8140
-8002
4359
-1725
-8811
-3360
-7528
-1182
276
-9321
-8888
7309
-1060
5388
-1685
-7403
-5922
7439
7206
-3240
86
7695
4929
1339
-6601
1125
728
-9728
4028
6891
-7074
-3979
2522
-2986
-4517
-3709
5379
3778
8730
-7821
8354
655
7119
-3545
-3546
1824
5482
-6416
1600
9707
-6323
8498
6117
-4545
-49
1131
-6620
-6295
-8680
3719
-8333
9764
7661
7192
5101
6613
-7444
-6804
9363
1957
6154
4485
2509
44
1704
-6772
9055
407
-7485
8905
5077
7069
9067
988
8876
-7018
1591
1493
-5895
2480
8341
-8193
4844
-5818
-3831
2232
4319
1271
-2646
4075
-6990
4190
-9369
2665
-3577
981
-991
9222
856
1050
-3082
1444
9686
5414
3099
5
-1212
-4459
-3225
-9416
4288
-508
-7524
64
5505
7676
-7783
-6622
9160
-8341
7411
-129
-7442
3189
858
-118
-1733
-898
-9541
6094
2097
8097
-9531
325
-3509
7919
-6467
2127
4279
-9425
-5720
-1693
7240
450
-786
6343
8796
9338
9113
7481
-6526
-6092
822
-6444
-5998
1667
-9708
7775
-6451
-5636
-9844
3764
7014
1304
6293
805
-935
7833
-9608
922
-1520
-2742
9608
-9623
2034
8925
8629
2371
3784
2950
3190
-7204
3753
2795
6167
5243
-5972
-2585
-4443
1989
2369
8096
-2540
-7733
4223
-2842
-377
-9785
-8983
3061
-7535
-8693
-6112
8325
-2787
9270
2972
-915
-237
7414
-8019
6064
-9875
-939
5536
208
5769
7524
6961
8994
2058
-5624
-6186
-5361
5010
-4233
-7250
-9792
-3006
-959
8835
7748
5144
5417
-4684
-8620
4799
2515
-4845
7840
-3318
8116
-2753
-6904
4734
-4556
1697
7489
-8307
-9015
-2532
6985
3506
9948
-6701
6568
3667
-3600
-605
-5607
-5136
486
-9825
-6000
-8821
9354
-3896
-5968
-3467
539
-1911
-1783
-4834
-5189
1530
-807
4002
9696
-7071
-1360
-4537
8904
1422
9891
-1489
2631
-1391
-2007
-6002
-3753
-6862
-6208
-9340
-9529
2147
-9169
-7565
-4961
1153
167
-1568
9870
-7842
7271
6828
-335
-3019
3120
-8132
5308
1419
6810
-8379
-8989
6214
-7855
9239
-709
7433
-3025
6935
7807
-6093
-3276
5463
8828
3221
5992
7421
3932
-7417
2168
2163
-4709
4787
-3981
4261
-1056
7533
1189
-4046
6332
8504
3181
8970
5978
-9074
1431
-3625
7187
-5576
-6514
137
2906
6637
3490
2327
7187
-8303
-837
2053
8558
6856
6712
5682
463
-3748
3161
-7785
6498
-4981
8977
-304
-5931
-1161
-9734
3032
-5320
-4881
-3379
7149
734
-2903
-5330
-4552
9696
-1480
-1737
1362
4907
-9481
-8079
3203
-7553
1938
4756
708
5079
3745
-4696
-3868
-5848
-6982
287
7009
292
2277
5640
4646
-4705
6673
3696
-4929
-4555
-2590
-177
-6622
630
4717
6005
4464
-6084
-8063
380
-5475
6828
-9288
6199
7650
-9343
583
-8750
-4675
-4346
7672
4452
-2953
6905
8718
-7943
-8734
7283
-9418
-638
-6740
-287
-7425
-2528
4920
6712
7046
8114
-6670
-7573
9659
999
-1034
4062
9342
3606
-800
9705
9406
7897
813
-9354
-6154
4512
2311
-2003
2897
8772
-8249
1356
5240
-5612
-2931
-7122
4661
383
-3977
537
3636
720
-3461
-2841
-8479
4531
5406
8897
-8994
-1251
1406
-4776
-4029
2214
203
8531
-2501
726
-4911
7404
-5572
-3643
-5814
673
4615
-8488
-1845
-7530
-8764
-4516
3227
-8346
1222
-4230
5389
-1836
2743
2768
-572
915
806
-9542
-5890
7701
-6585
4999
7166
-8890
162
7771
5219
8372
9618
-5028
-619
6180
4796
-8091
-462
-9625
-2252
-6921
-5114
-7848
2330
-7372
-991
3215
2800
2167
-6061
-354
921
3080
1819
-5446
9366
-2086
6052
-1019
9863
-7538
2170
-4821
9878
-9165
1645
1511
7226
-4497
-1449
-3124
5206
294
110
3258
-2591
-2256
5826
4753
2622
8832
6224
5565
-6255
619
-4104
8318
-9342
3250
4885
7437
-100
2124
5346
-2745
-515
-1796
5
-3120
9155
1409
-3527
-1438
2739
-1873
-1538
6867
5938
-8413
9023
533
8056
7369
-3131
178
6870
-1502
4156
-5320
1293
-4451
-2633
-7274
-5431
8921
776
5476
9480
-4934
2457
-9748
4717
-2345
-3079
-1709
297
-6773
-5391
-5359
2126
-6438
30
2954
-6131
-1312
-8984
463
4587
-723
8360
2083
-7593
3945
-1870
3171
-7531
-6479
2053
7723
-4252
2941
7561
3010
4764
8002
7235
3333
5406
2812
-658
-5148
-9577
-2317
-7259
-6558
6670
-167
8224
-342
1616
-6400
-1276
4590
-6050
-5947
3404
3442
3550
6465
-928
-6341
-6247
9453
-2368
2528
87
-510
-836
-8778
6098
-5897
3809
-1618
3203
-8333
7329
-5905
6155
-8789
-6723
-8330
806
-747
677
4927
8483
-1039
-9653
-9495
2574
1869
3971
-294
-9582
4775
3035
-7851
2268
5883
-6851
-9384
-634
9540
-1866
2659
9217
7257
5509
-6960
1626
5635
9032
44
-3269
-8758
-9338
6443
6051
2091
-7364
5934
-2960
-781
-1226
204
2951
7262
3262
7349
7647
3082
-9266
-9758
-5326
2565
-8651
-2900
2184
-8735
-2538
591
-4814
5531
5534
5743
-8097
-4099
8258
9150
4416
3071
7546
-7737
9424
-4853
3673
9235
-1242
-5203
1013
1767
-6883
1491
-4792
-1024
6968
4004
-6948
-4743
-8452
8124
2340
-9305
-9379
4043
-7835
-5666
7164
-7729
4476
-1160
-8053
6597
1728
-1748
-6973
-6937
4146
-8358
4356
-7657
-5122
-4143
-3522
53
-9547
-3640
4489
-3413
1149
4303
9720
-3750
8374
9563
-3732
6407
7163
-3731
-4194
347
-8249
7263
-5745
1658
1096
424
5668
6441
-2895
-3641
-6455
3478
4565
259
7064
-4423
-5137
6204
1591
-9910
-3844
-5507
-6853
4369
4703
2671
-5720
9603
4001
-2073
-3307
-9500
-1926
-8661
-5107
-2358
4594
5686
-2569
-1930
-6752
-6847
-9250
-8572
-5901
-4076
-7873
4909
1885
3046
7830
1572
8150
9765
7597
-9964
-3365
3294
7274
-3860
1031
-4390
-5638
-3495
8626
4779
-6228
-5744
-9760
4705
4169
3259
1005
-6098
-5546
-4214
2906
8678
8432
6368
4355
576
2488
8884
1909
-106
9605
-3482
6559
-1749
-8475
3329
8769
8759
-6220
3096
9627
4447
2726
2909
8581
-630
1358
8422
1520
7691
-4261
3536
-4111
5883
-1382
-8222
4279
68
9880
6109
-6010
-2900
-8573
7779
4462
-8087
-5165
-9828
-6065
6409
2061
8379
-4503
-9298
-5001
7496
-2733
7671
5092
4433
-6857
3442
6035
8460
-758
4220
7421
-1909
3313
4641
4999
-318
-2800
4536
-767
-5597
7643
4912
321
-7412
-5878
2563
6604
8388
-1089
3788
9119
-3447
-4485
5041
2517
1248
4655
1348
-8180
-1541
7470
5619
-2953
-4445
-3965
-7300
-36
-7768
-8075
4609
-6469
1448
3801
-4878
4802
-7629
-7841
9713
8217
365
3943
-7992
-9280
8542
2161
7596
8625
5392
3832
607
366
-3488
2388
6948
6322
-8624
9844
-7504
1468
8649
-4054
-7358
863
2129
-9932
-7744
-6716
-5172
8598
-529
2335
-4101
-8485
298
-8656
2132
8351
4934
7288
870
-1053
-7303
-8351
3955
-7274
3291
1285
-2396
669
-5934
-1472
1175
6614
-5896
-2201
8480
786
9115
8638
-8840
-6493
6382
8440
471
-4257
6748
8621
-3446
-6483
904
8409
2259
1464
-5123
-3276
-1461
-7016
6405
-4445
7128
-5475
-4462
-7680
-3802
4125
1574
6026
-837
-6585
8182
2364
-2618
-7875
-4363
-9660
3727
4294
1765
1562
592
-4711
1284
3030
-3629
-5588
8457
4214
2323
-1744
5651
-1811
-5031
5075
-5953
-146
886
-7055
-6714
-9774
-29
-3482
6849
4716
-8555
7072
-725
-9134
6707
-21
-9290
-8357
-8781
-3621
903
-6136
836
-965
-9137
-6587
3579
-7057
6147
5820
-5553
-4243
1354
3141
-7422
823
2333
9939
7323
-8903
796
9145
-5205
-793
4158
-8864
3567
8765
-1544
-9637
-5963
-3894
3208
-5647
-6478
-3927
-9075
4238
-9607
2467
2092
-21
3445
7404
2466
2706
-788
-8887
-4156
-1379
3504
7129
7106
-1948
2453
6304
-3516
5907
-6899
-140
7028
-9201
1893
3979
-3110
-9548
-6971
-1035
8061
9423
-6376
9536
-5368
8581
-3317
-2168
-7507
-9727
-8817
5563
-356
9433
3094
-8614
-9648
-8125
3856
-7316
-2762
5266
-8030
-4292
977
4255
976
-386
-5388
-8929
-8385
6081
292
9893
9051
-3958
3679
9226
4395
-9923
-7231
3281
6581
-4831
1378
4824
181
-1323
-9014
7814
7366
-2362
-4423
6654
1517
2868
4751
1787
3440
725
1730
-2176
8116
-8308
-5671
5646
-5588
-6188
-9097
4948
1037
-2745
1138
6582
7379
7079
-7683
5318
-4864
-4605
8928
-6969
5525
2123
3158
-8541
-5447
-6547
2891
578
7290
-6915
-9203
-1293
8718
-441
304
-9107
2603
3615
9591
-5162
1666
5055
5024
8882
2920
5196
-3060
-560
-3510
9143
-832
4724
-179
4958
9579
-5461
8127
5729
7200
-1451
-3751
-3170
-2489
-8879
-4078
3986
-3319
-568
-5642
2283
4342
-7898
2170
2026
1743
-1848
678
432
2109
2
-3113
1735
-5304
9067
-4683
-4120
-3216
2096
7480
-3605
-6816
7881
5048
-9655
8595
7608
-2940
-2976
-46
9964
-6979
3472
6779
837
6253
-4071
-4155
9202
7417
7223
-1983
-292
-4525
-9177
5175
3689
-6762
8330
6526
-2316
6196
8958
-5752
-305
-186
5298
-2675
2907
7046
138
4459
2154
-706
-9639
-3985
5481
3345
-7905
-3023
-7769
-6789
-4670
-7842
9704
4670
-1450
-8565
5389
4341
-3514
5623
-774
-8894
-7933
9085
-7949
-6182
-5298
8956
5662
-1079
9851
6743
6407
4303
6640
-2465
-8983
-3203
3133
-3667
-5600
-1703
9020
-9949
5939
-7098
-9035
8688
7021
8484
4023
7724
-5464
5146
-6123
7673
-7932
3280
-4345
255
718
6896
-9999
9515
1712
-1107
6911
9810
-8449
1933
9011
8549
3957
3024
-8455
8551
4799
-7545
1300
1501
-7079
-7061
-7995
8850
4815
-7012
-8567
1273
9660
-5133
5558
-9375
-6594
7932
-5888
-7101
3687
-2548
183
6256
3677
-1969
3677
36
-8679
5628
2556
-4030
3699
3890
-1617
9466
-252
-1711
-4590
-9026
6614
6857
2844
-777
-4416
-4217
-9088
-5717
3525
-3507
-7075
-519
-5959
8869
1207
6614
3136
8023
-4603
-685
-9505
-703
7040
-2266
-49
5218
4296
2078
9816
-7159
5389
5288
7008
-3929
-466
-8684
8817
1246
-8437
-3773
6714
-1402
-521
6369
162
5655
6441
-9237
-7307
6078
-3684
-6651
-4174
-1931
9110
8116
5005
-6331
-6244
-9428
4937
1753
100
1606
-6007
6417
-7723
-3792
-3043
7411
3634
-4226
6693
-6428
-6394
2446
9978
-3984
-1742
-9215
8136
-3728
-6584
-5248
8443
-3416
2171
1719
5916
-7177
8587
5894
489
2629
-3845
-6523
-3841
-8509
-8862
168
1541
-9932
870
3288
1329
430
-8390
-6780
-2177
4740
5176
6301
-2987
-146
-5148
-599
-131
-6619
3540
-178
4010
9010
7975
3900
-6990
-632
-8943
9792
-4568
-6574
5334
-2220
4754
2871
-8239
-5523
6648
1569
7655
5533
-6741
-4470
6806
-1404
-6757
3879
3604
8609
-4689
-9651
9693
-2468
2138
3702
8434
6563
-4218
-4662
-784
-8989
3223
6295
2485
-2524
-5963
-4657
-1529
6961
-8774
7455
-1071
-8942
4856
378
5445
6963
-2085
-2216
-5050
-5630
2297
-5657
1269
-4184
-7665
-2885
-8981
-5745
1992
-1037
-9733
2321
4054
-9985
6084
-9419
3856
435
-8927
-530
-1785
9634
-4429
3338
-7312
2300
-7476
-8356
-8958
-1646
3609
-9017
-7604
-2400
-703
7112
-1933
-8684
-3215
-4142
-1643
6372
166
5783
-4681
6241
-3830
6789
4446
7828
2725
-2927
-4114
-6797
-691
541
-9532
-2888
9766
9084
8079
3406
-5137
-743
5378
2849
-7935
1272
-8437
-4119
-2646
1713
-7364
-777
-5681
814
-5076
-7373
-5793
2987
2981
4950
8461
514
7004
142
5232
-2524
5375
643
-5667
545
-1358
8349
5970
-4348
-2170
-6308
8988
7287
1470
-6473
-9588
6914
8578
-9406
5879
6057
-6904
-2934
-4295
9605
-6531
-4568
6070
6563
1488
-1495
8776
6183
867
-5655
8055
-5041
4844
1014
674
482
7605
4390
3825
-2718
-7197
1079
-2255
9443
-7123
7319
1884
6804
9970
-1989
-9742
3910
1972
-8779
-4087
1800
-4338
-3651
-6116
-1551
-9505
1770
3122
4427
3388
-7397
1602
7888
-1914
5670
-8574
8279
5437
6703
9443
-8392
5809
2407
2773
-5725
1035
1361
-3579
9797
-5018
-9208
2530
4675
-1859
-2893
3397
-6886
612
8452
5878
4507
4347
7719
3806
-6624
-7600
-4827
530
1015
3811
-8851
3752
6066
430
-637
9609
-2488
-1468
-1538
-5212
792
-8512
-6049
-6410
-3879
-491
8239
-2075
894
-8928
-3740
-9880
-6361
1101
2340
-1540
7087
-6371
2536
-8713
-65
1119
-742
8163
-4132
-7587
-861
4646
9252
7057
-2307
-7571
2754
-4562
5187
3585
-9388
-3782
-1706
-6571
674
1993
-8846
-4348
-7826
-5465
-6338
-1781
-6244
-2813
9530
-1362
-2734
5383
-479
-634
-7671
7507
3082
-1183
9258
-2930
-4077
7842
-9450
4760
8454
1255
-6583
1116
-1715
7989
4909
8590
3186
8253
8250
-598
-2508
-9843
-5466
-2158
-5908
8325
-2993
-4523
-480
6992
8508
-1754
-6761
8368
-1246
288
4759
2061
-3959
-6786
-5725
-1324
-1633
4116
-5742
5202
9844
6608
5847
-2122
7959
4295
-9905
-3504
1914
-5449
9548
3771
-2813
9337
-2171
-1944
-7626
2301
8995
6881
-9648
594
-2447
-60
-9921
7111
9453
9636
-8259
4753
3706
7268
2095
-2910
7208
3962
-5043
-2141
2821
2512
8033
5299
-5080
599
8403
-6197
-8001
-4675
-4657
5587
-7915
-7047
-3028
-5856
5833
4964
-5977
3941
-4944
6158
-4782
8400
5313
-6531
713
-6648
-6959
7617
-620
3007
-3485
-7194
-4264
7990
-4089
5670
497
-9464
-2365
601
-3575
7506
-1984
-3750
3335
7971
-6423
-4064
-4032
-6594
968
-1572
2123
-8963
8951
4125
-4157
3549
-7951
-3993
-9296
6823
1199
-3371
1630
6622
2074
4693
8727
-6665
-1245
-660
8845
2854
-3169
4947
1492
3032
4179
-2302
5979
-3434
-2271
5869
-4985
-8919
-7947
-5456
7243
-2728
-9046
1418
8634
6179
-661
-6470
-9569
9910
-3253
-2404
-5938
-673
-5704
2818
-2559
-5131
-2125
-9663
2414
4179
-9605
2537
9269
5927
1124
9128
-347
-8198
-7462
9202
-1654
6118
9256
-3575
2971
-8012
-7742
-791
-5401
4666
-4920
6642
9456
-8820
-9935
5425
-2469
-4329
-9401
7478
-6361
-43
8216
4873
4644
-9210
-9262
-1311
1452
8130
-4981
-4654
943
893
-6324
-7829
-9645
4661
7574
5549
3791
-9193
-9975
-1060
1631
841
161
2455
5211
8061
845
4399
-4464
-4524
-5254
9078
5495
-7177
-9108
-7123
-6534
-2407
-8532
-3653
-1646
-4919
-2316
-9089
5917
-2918
9973
-1058
5695
9907
-5950
-3430
7774
1813
-8295
6291
700
-5617
7273
182
8328
-5598
-3124
-6804
-3307
-3570
-7013
-2579
-640
-1028
4917
6198
-87
-4331
-1398
-1431
-3189
-4635
80
8140
-6166
-8498
6935
4163
4313
-8921
-261
7231
2924
-6553
-1678
-1893
-2594
2709
5145
5980
6333
6234
-8007
2147
2657
3164
-7787
-2573
-988
8957
7511
-222
-1899
-5501
2724
2327
-219
-1161
8003
-1961
9815
-1101
-1048
-714
5568
6900
-9078
-5641
9248
7834
4736
8872
4149
-473
8645
7521
-4455
-1547
-4819
2995
-7948
-7858
-5143
1011
4616
2101
4556
4558
10
-6199
-36
-5106
1699
5334
-2922
-2490
-2979
8845
797
-3118
8300
4357
-105
5417
4479
7827
9084
3350
-5049
3195
8575
3256
3327
9104
-9410
2292
-967
-6349
-5905
-5017
7285
928
-7440
-9067
5597
6060
3145
2131
7615
-875
5413
1859
1254
8885
-179
-6290
2743
-1180
5999
-7047
5767
-131
-2454
7849
9800
-2382
5365
-4976
3088
1195
4642
-5044
1723
7473
-1218
-4098
-8243
-1362
7109
2990
-3605
-5250
-8492
-47
-2194
-4542
5555
-2479
9029
-8291
-6559
7515
-7790
7022
7730
-7587
2002
4406
-7555
-6962
-3809
2748
-6113
-6733
-7098
-499
1244
-1330
-4463
9517
1883
-1955
1308
5331
9772
-2103
1523
-6420
8749
3178
1744
-2909
2447
-555
-9960
-5093
-5597
-7320
3135
4819
-6933
-2762
-2032
-9563
7130
3910
-2441
1679
-3049
-8485
-6241
-5507
-8399
7838
-9481
-1534
-7732
4182
573
1132
-3696
-6808
7295
3266
2699
-5591
933
6200
6614
1769
2212
-523
6838
-8390
-9786
-3284
-261
6724
1860
-786
-7858
6905
-2406
5353
-205
-8785
-6896
3965
1185
7886
9101
-850
4626
4419
4617
3386
5862
7001
4492
-7725
5837
-7653
7749
8819
2283
-1041
7418
-8710
1003
-568
4623
6423
-8705
-8763
9944
-7303
6029
6423
-5479
3122
-8867
-5634
-7067
-7207
3152
-5488
-2549
-3110
-2904
-7769
7492
3659
6939
-55
-9334
-1633
-4624
-3578
2281
-8549
-6469
9397
4806
-4198
-4014
1576
-1941
2648
1937
7939
-918
8966
-771
3253
-589
2717
8136
5646
9497
-5979
7649
241
-8105
-8744
-2897
-6496
-6513
-6416
-6821
-9954
5033
-2989
903
6060
-571
-7405
3359
-9432
7687
-1679
7277
-870
7624
-219
8495
6283
-2459
2426
-1974
8075
918
7640
-2963
4254
9310
5926
-3595
-718
-9960
-53
-6406
2614
-3715
-1704
-9380
-6129
2115
-4314
3992
-2245
8520
6884
-2963
-3281
-3481
-2557
2905
9334
-2533
368
-4776
-9735
-547
-6715
4724
-3393
6582
8061
-356
1436
-9569
3387
-759
-9850
8417
834
-6597
4921
-8157
5039
-9158
1052
-7681
5525
2514
-6550
4490
-1616
-3974
4190
-9176
2371
-6913
2518
7719
5156
-214
-4945
-2040
-5466
-1672
-3313
589
-873
2264
-9946
915
-9093
-3434
761
-4796
-9543
6572
9386
4549
3302
-6055
-6648
2156
-7722
-8969
-3070
2362
6840
8365
7868
-6857
-8175
-7778
-8228
-6427
8134
8896
5948
8511
6218
6069
-5844
7341
-1173
-9231
-2397
-7832
9444
-3134
268
7860
-607
166
5476
7414
-1990
-1400
9733
876
20
8570
9516
4004
1740
5528
5821
-4298
3471
-1554
-4824
4321
-4587
714
2134
-7346
7826
-5647
-2655
608
-9282
-8161
-8467
-4844
7446
5243
8202
-9268
4595
-4354
-7815
-4886
-5716
7078
3395
9491
-7435
-5567
8132
-3544
-3604
-362
1835
-6096
-1465
-6094
-8110
-8549
4850
-8543
-7171
8916
-8561
-4240
-1990
991
-437
8951
6137
-3165
-7794
-1822
-3641
-9278
-6126
8418
-6398
-2179
-3086
7083
531
-4642
-4548
-7920
2108
563
1980
6898
5511
3598
-4630
-6922
-9999
-4005
2117
-2900
1073
5266
-5649
-245
425
-4440
-7797
2901
9406
-5751
-5424
8313
5853
-1268
-5094
9326
-1465
-7193
7000
9780
4466
-7720
-3877
-8353
9005
-687
-8201
8133
2654
1855
3296
1743
-4224
-7709
9736
-8761
1381
-2372
-7101
-252
3670
-2226
-5602
-6663
-3041
2964
9837
-8503
6431
-5763
-7640
9561
-3497
8271
-1510
5125
-4965
-2815
-8103
-8186
6441
2405
762
-1523
3479
-4902
6023
3257
7695
-9484
-3609
5251
8229
5072
6711
-5657
6638
-5610
-6990
-9543
2199
-4269
8872
-363
-9144
-3411
-8586
8284
7928
-2568
2089
4422
-2580
-805
4666
-2845
-7324
-9708
-4118
8159
-8594
917
-9876
8169
4887
6275
-2169
2758
-2001
4907
8894
-7054
9800
-577
-9950
4545
-8735
-43
7743
-8273
-7361
-6544
2873
2519
1573
5202
8082
-5452
9736
-9318
-2375
-4195
3537
3812
2276
2955
-5998
-8742
-1052
-6359
2049
745
6789
-5102
3800
8999
-6541
3056
-1314
1978
-7430
7912
273
8075
5533
-5323
9444
5524
6535
-6130
-1540
9157
-9503
-1470
5120
-1433
3885
-555
-5918
-4684
4687
6095
6327
4547
-580
-2150
-5847
4345
4775
-9159
4287
9981
-5465
4231
-5597
-6289
5870
8773
-2267
-5107
6026
235
-395
-3218
-7706
3873
-5561
7445
6463
-204
1853
7124
4142
7892
5043
-2970
-1225
2356
813
4764
7650
-7590
-1266
203
-2661
2810
-1828
-4310
-8337
-8604
518
1683
5521
-7018
-3352
2175
-8474
4935
-2172
-5419
8785
-1313
9493
-7610
3152
138
3416
-321
-8196
-6169
9092
8100
5452
-8201
4145
-3835
1427
-3135
-1295
-6850
-9597
-4082
-4728
-3134
-9641
1936
1850
3763
3416
-6678
2552
5504
2940
-2026
3447
-6206
6912
7464
-8500
5387
-7586
-9909
811
4062
-7474
9981
2885
-9225
6095
-832
-2407
4114
5200
-1712
-7642
-9153
-8192
-1548
8970
955
1945
-7145
9421
-8948
-9871
6760
-4804
-6433
7940
-657
7172
-3265
2208
8012
-5317
-197
-3747
466
-6566
540
6727
-8831
-4827
4599
6501
-20
8801
-430
-6689
1503
-4097
4487
8864
-8845
9269
-2902
-5427
-8285
9299
3089
9577
-6100
2931
1342
3155
7417
1357
6420
9161
4929
-7052
696
4538
5515
172
-5544
-8294
-3492
9217
-9040
-813
9563
-3030
-3653
-8592
-1828
412
7640
8233
-4292
5218
9645
9279
4992
3223
4869
-2756
8603
5923
-1220
-4800
-7845
-1932
-84
3814
-4623
-1471
-9825
2531
2579
-4541
1376
-612
-3558
-4588
4985
998
-3580
7031
4622
3972
-797
-3335
413
5345
-5823
-9010
-7805
-8441
8463
8793
3337
-6244
1558
-9633
-4832
168
6711
8909
-4278
-8616
5301
-8046
-7597
-4211
8981
2774
9993
-6093
-8815
-1078
4718
1019
712
-7854
-5948
-8252
-8782
-8031
5914
8984
1034
-1966
-1515
8137
5867
4435
-8756
4735
3212
7640
2791
-5760
6641
7059
-3576
-400
-9591
826
3889
-2236
-583
-8920
6223
-665
-7663
423
-6206
8482
-1783
-676
-9652
4128
-7014
-2669
6266
6850
1588
1621
1309
4923
9087
-6241
8746
1919
3883
1042
403
-5640
8723
4402
-9478
-3562
3638
-2253
7507
-7014
277
-4942
9450
-444
8680
-2992
8065
8361
-2668
9553
2628
-282
1194
4764
-9431
-9660
-4601
9894
5803
-6113
-450
9195
6078
-3331
5295
1672
6014
3910
1787
38
-8579
-2444
9359
-9976
2764
522
4892
-4148
-4756
6103
-2669
7907
-5383
1236
2103
4383
-5511
-8040
1766
5058
9939
-9077
9766
4676
8218
-5993
-6575
9585
9365
-3612
1295
8145
-6468
4414
-9014
523
-3727
2996
6725
7069
-6625
1468
-9071
7227
-4203
-1475
2611
5195
-2690
-1189
5918
-9009
-6406
8792
-6394
-3833
4470
-3459
2529
-7793
1796
-8945
-3833
-2577
3515
-2907
-7397
-643
-6779
-7739
402
-9692
-6141
-1893
4446
7758
6253
-5690
1920
-8197
8749
-1586
-3496
-8151
8273
2993
-2897
328
2722
-8506
4162
-8466
-6268
7497
6489
6335
7789
8118
2417
-1164
-6670
7368
-6010
-801
5546
6133
271
8906
-1798
-5820
-2014
-9982
-1866
-3451
9687
8926
8990
-2718
9517
-2790
-4261
7620
7110
8643
-2913
-5102
3663
-216
-556
-9744
4180
2378
-5501
7145
3245
6383
1117
-7655
-1713
-5611
-6325
5662
9542
-3977
2227
-1391
-1289
-1409
-1505
1792
9561
4479
-2765
-3490
-294
-1519
-2545
2735
1951
8964
705
6706
-3455
-3811
-7495
3715
1279
-9682
-1847
-9098
-4890
5279
6143
1245
-7018
8186
1062
-3701
-4771
-199
8028
-7952
-4147
9644
1555
-4257
1959
-7285
-899
4423
2063
4629
-1674
7926
6741
-9144
8759
-8802
-3631
5324
392
1762
-6743
5571
-3135
5361
6552
-8302
-9596
5012
3068
9797
5123
9104
886
-7020
-4253
7593
8810
2451
3440
-2122
-4427
-5392
-7441
-3044
-6092
70
-7433
9992
7629
-9041
-447
-9507
-1337
9777
-5
-6749
-3218
4584
7921
4240
-2643
1355
5818
-6781
831
6499
4523
-5315
7438
-347
-2751
-446
-6812
-6721
-1286
670
-430
-14
-1135
6282
3904
-9317
7003
-3589
132
-5038
7905
7287
2930
-9471
8178
-3466
3408
3457
-9354
5980
1767
5197
-7063
8895
5236
7116
-9566
5759
4587
-2129
-4182
7900
-6005
-1496
1504
-496
-242
1623
4699
9627
-98
-7158
-5879
-7163
8343
9347
-8409
-7957
-888
-5620
6185
-9502
5227
2045
-4466
5427
-1738
5121
3771
-9770
-762
-8459
-9837
-2372
-2169
4735
1620
6248
8998
-2869
6771
5102
-1711
2937
-232
-9925
8673
-4938
-5493
6975
8394
8499
-8362
3158
-1860
-8315
-8071
-4423
7405
-6506
-4805
7164
7524
5891
-4283
-8830
-6658
-82
3912
370
2635
-6257
-9492
-2711
-270
485
6189
-3881
-6327
3985
1436
-971
-6936
3603
2882
-1070
-3668
4159
-2165
-8540
580
-1379
2960
4019
4385
-2865
-569
9441
9887
-2812
3879
7927
7728
6802
895
-532
-9123
1264
-4970
322
-4461
4854
-7757
-2866
429
-6356
1923
6876
7872
5765
7425
-9709
-7026
-1595
5382
-8251
-1254
-7235
5398
-2263
3121
9414
-4663
2231
8984
-6182
-9786
8406
-6052
581
4343
-5641
6875
766
-5993
-6089
-2751
-3401
-8601
-5006
-9858
-2815
-4963
9153
7223
-7489
-8757
-4452
-650
-3171
-4693
-8456
-4977
6991
-409
-4427
-643
-4274
2530
9701
3326
1886
-5785
-2987
-4016
-7993
4460
-5768
-9915
-9225
5948
5015
-5816
4046
-4487
-434
-2270
9757
-140
-4560
-3290
-4097
6784
8422
-2629
8709
-4459
3935
3990
3343
6828
-1186
429
2775
9922
9767
4267
9125
6990
1730
-240
-9282
-4396
1145
-4683
-3881
-1618
8588
-7355
987
-8144
-4811
-2418
7351
-5662
8291
1944
8680
-7274
-3452
-6351
6478
-8735
-3090
1795
-902
-7463
7032
2801
-2193
61
-1784
-5181
-2716
-7887
-4641
5079
-9433
-3281
1750
-9361
-9471
-8457
-6841
-4325
4022
1858
-244
-8230
-2516
-3716
1869
-5083
1289
8901
-3671
6356
2613
3558
7437
-2379
-8553
2432
9314
909
6335
7006
7646
-6795
-3243
-8266
-2237
6451
7407
-6793
-3857
-8936
-6358
3083
3778
4923
-4857
56
1193
2885
-4278
-1445
-6518
-7127
-2781
8870
-8272
8315
-5828
1657
9375
1100
5356
-3478
7504
-6072
8876
9398
9344
2070
5932
-1001
-8061
154
-12
5777
876
6481
2339
-3651
7219
1994
2499
-6271
-2000
1611
3562
-1977
-5843
2988
3511
7380
-1422
-4608
-8202
-5986
2178
-5792
-7757
-615
-7948
-6791
-9232
1743
-9699
6913
1733
4522
361
-6514
-6174
-3327
-3383
8306
3312
3985
1583
-8546
-3768
3706
6913
8708
8338
8027
-9014
-5858
-6772
7855
9776
5056
-6316
6369
-2898
256
-9536
1966
1122
-9299
3586
-1197
4919
503
-4924
-8615
567
5762
-7127
-2275
-2634
-6233
8206
8493
1535
9184
2316
-6598
9042
-3167
-7656
-4867
2274
5911
9459
-9756
9536
-3118
6341
3176
-8078
5674
3413
2238
2611
8452
9400
2523
5733
-6388
2408
3408
-9651
50
7065
3097
-1449
-9354
8600
-8243
-2177
2798
-8209
-9251
4370
2385
4008
-5644
-3810
2370
-3288
2262
5832
9648
-9706
-4446
2740
779
2571
2080
-7
4844
-9895
-6682
-122
7194
296
343
-9570
354
7737
4825
-9595
-2152
4232
9175
261
8493
5690
6805
-3994
-1583
6945
-6031
3615
4143
-8098
8990
454
-6698
-5362
-6817
-6968
-7686
-8124
5504
5980
-7751
756
-9823
217
6883
-9344
1008
-2653
-620
4374
-9763
326
9240
-1280
6201
4520
4086
8560
-8763
-3296
-6583
-9975
-3987
3140
-3457
-2630
-841
-2424
3093
9225
8076
-5473
7354
-8412
-5431
-4434
6723
4120
4213
4390
2310
6763
5906
3249
4210
-4696
-7844
-5858
-5101
6856
-6265
2571
7621
-947
-9876
-9846
985
5182
-90
-6714
-1553
-2935
-5641
-9168
9302
-7941
-9498
-8811
340
-1572
5598
-9353
7404
-7038
8261
-1141
5220
767
-98
-5247
359
9672
-4843
-6707
-7184
1983
6435
-9306
-3697
-4601
-7487
8933
5749
7300
-1268
-2355
5109
-6770
5789
3293
8630
-5269
-6945
3728
-454
2486
-4876
5766
6292
-4271
4470
9339
-3126
-323
1747
6931
7124
-7562
6071
-1030
8420
-2900
4761
6455
7090
8952
-5364
-4056
-8114
-8936
-8239
-6463
2021
-8177
-1657
4125
173
-707
8950
5596
7365
-9612
1203
2434
-3128
8003
9992
-2826
-7812
-3762
-3580
5678
4100
-8514
-3915
-6871
9651
4172
5011
2998
8630
3813
7798
-9586
-1209
8227
-6534
-2306
4851
4031
-3158
1877
-1347
5841
1405
-6977
7660
4449
-4360
-1212
-3883
8946
-2705
-1586
7270
-9156
8629
-5476
-8946
-8000
-2177
8041
-8123
4246
-4739
9393
3723
9041
-8402
7266
4201
-8868
7270
-5706
-5627
3074
883
-1717
4138
186
-252
-8657
-9799
6313
1768
8771
5638
5369
-4529
1493
7362
4723
-7718
-2031
-5836
-8640
-6160
7964
3859
-8047
3577
3460
2993
-6981
-6155
-6094
1922
-4193
9252
-356
5491
-2478
-9077
-3204
8255
7317
-1938
-8849
-3520
2770
-5209
-9318
-7819
7734
-6611
-7814
-9933
-2245
3929
5812
-7559
-1891
9111
-9136
7535
6872
9490
-7952
5478
9248
-2028
-4082
4832
8965
-2794
-6283
-9937
-5648
2020
3195
-5059
-5067
-6192
5531
-55
9225
-3184
9085
-2555
1324
2575
9195
848
-1874
-4210
-4075
-7705
-9016
-4786
-6147
26
-7170
1868
-256
-9777
6514
-794
-6778
4373
9630
-1794
3625
-6309
-3998
1620
-8069
-8076
5805
7613
-5256
-3234
-5625
5808
3078
8873
-598
2795
-7387
-5633
4604
-5321
2391
8504
-9791
-5322
8322
5712
5347
-7604
-6376
-2135
9065
2755
5939
-9447
-2357
-3374
-9701
-3041
-3104
1756
-8168
9342
-96
8553
6565
4161
3764
9844
-5350
-3413
1102
4495
-1228
6850
7574
8257
-3618
-5530
-8027
-9125
-8923
7481
-5306
1354
-6616
-5373
-6588
119
2319
-8826
-2567
6897
5213
-4917
-8167
-5239
9577
8359
5244
-1286
9057
8110
5658
2813
9782
-8156
3326
-8108
8245
-5999
-203
-5094
5470
-6985
81
-6481
2879
-8930
-888
9472
-1996
-4025
4363
-8445
-6457
2104
7103
6236
-6383
-865
-2144
-538
-3910
3928
3074
-6151
8923
-6721
5530
4531
3449
-3822
2174
-6853
-5907
5953
-8079
-9994
-2184
38
-1540
3021
-829
-8000
-321
-2665
4141
1886
4519
8606
-8201
6187
-1883
-5582
-441
292
2279
5929
-4826
-4420
5927
2693
-6978
3757
-9606
-9630
1542
-4278
703
2035
6851
-9172
-4085
6942
-8064
5375
3887
6897
-5589
-2082
3531
5288
9967
-2930
-9385
2562
-9384
1915
3313
3449
-2990
9340
2592
1318
-4862
8717
6409
5145
-7884
7094
2663
2730
-9502
-2305
-6771
-5492
7084
3644
-3633
-3269
-3054
1173
-4706
728
-8518
-2309
5935
-6722
4572
4005
8415
-6442
-2363
208
1518
-8420
-1343
8031
4210
9385
-8139
-1197
-4114
6589
26
9036
3943
-3563
-2438
-9318
-6678
-7883
4859
-3850
-6313
5509
-6925
-5278
-161
1190
-7499
5379
5911
7438
9908
3647
1361
4583
-5212
7787
-5725
3857
-8749
-6213
7380
-780
5786
2798
7479
3353
5943
-3198
1450
5424
-3940
-998
-8891
-9223
-3290
9605
-3719
3480
4411
8458
5684
281
3052
1816
3340
-6129
2417
-3202
7230
-6967
5447
-226
-8533
48
7800
6253
-9754
-4906
5799
-9159
-1217
4822
4076
9852
5714
7523
-6379
-7669
-2464
5060
-4463
-2244
6680
3295
-1331
-7142
4176
-8299
-5766
-7688
-3810
1632
-9313
-1499
7801
-5895
9410
2610
2936
6050
3821
283
-4504
3256
3919
9379
-5598
9795
-7378
-3277
-834
2894
4990
2421
5243
-6065
-1663
-621
7760
-213
4777
25
9319
-7955
-3582
7693
8918
1074
7614
-4004
-3158
8167
-1771
6052
-2096
-8921
7839
-8910
-841
5274
29
-8270
1885
9588
7777
2475
1387
7934
8541
-703
4014
-7816
-5399
-102
3760
9500
6671
9344
-6868
-4810
2246
4713
-7569
8622
514
-6419
4620
978
7326
-5578
542
213
2769
2087
-7123
-9620
-234
-4257
7380
2802
-2894
-6747
3198
-8421
-1572
-7206
399
6947
2773
-6178
-8167
-1090
-3408
9968
8586
4207
9026
-4081
-2018
2782
8412
8158
-8109
-4923
-4664
-7510
4855
-4737
7918
9276
5106
-6766
6868
1197
-596
5262
6109
7344
3372
-9468
4413
4546
8967
-3704
-6948
8693
-7614
-7050
-1404
-5620
-6814
-9847
5827
5957
-7923
7287
-2064
-7884
1224
-765
7800
1290
4994
-1515
-8485
-5818
-2843
-1740
7869
4942
-7286
-2108
1348
-7820
-2843
-5884
4102
-4995
8900
-7257
8878
-4782
-5728
-3938
1491
-6774
-7657
3924
-1286
-3397
1006
-4671
-6693
-4372
-4745
-5306
2454
-5690
-3171
6080
8338
-7754
7703
-7638
-6431
5719
9532
4941
4730
5546
1207
-2499
-1464
-922
4386
4882
7014
611
2022
-4354
-8016
8471
1107
-658
-7150
-477
6445
-6493
-8755
6806
-1126
-2956
6305
-3129
-1292
-5855
9780
-5483
9036
-172
8246
1274
-4045
-8672
-2646
1882
-5236
-599
1171
-5699
-7967
8366
3152
-6180
882
9893
-4977
-4056
-8843
5479
4890
-5290
-5797
4350
-2203
3116
7481
5807
5197
231
5905
-185
6913
-690
1226
7070
1849
1257
-3763
6259
6231
5791
8746
7348
9828
-5362
2299
7202
2714
9276
-3885
-2342
-1456
9320
-4762
7433
7532
6964
-7575
637
-7386
9678
-2128
7549
407
-7471
-8546
-7929
-4858
-1153
-3107
5843
6045
1123
6602
1835
5849
-7341
1406
2590
-1568
7598
3780
5776
-365
-9534
-5100
-1016
-860
-4152
483
2456
-2014
914
-6182
-6860
-1632
-7447
9770
-3243
1101
-8654
-1704
-8955
649
-3578
746
-5051
-1385
-1908
885
372
7235
2991
5717
-7024
-5187
-2315
7987
-9948
6576
-4106
3340
3539
-1332
-3489
-8082
9789
-4968
2581
2562
8079
4064
-6889
5092
2163
8187
-9195
568
-549
4948
5146
9629
5739
-5959
9426
-2170
5198
-2011
1064
1067
-6609
7961
3397
6140
6892
7804
3518
-8255
1049
-4697
7089
-3213
-6005
3647
-7228
2186
7806
-5915
-9405
6895
-7325
1867
2676
-9255
-55
916
-4824
3668
5554
-3330
4595
-130
9511
4260
8692
-690
-9019
-7869
7297
-7951
2404
7859
-3672
-7127
-8063
-4502
-4265
-387
6405
-1100
-1016
-9637
-8032
-4150
9877
-388
316
7814
-5613
-6603
769
3476
579
9339
4603
1966
-7339
-7363
-7975
1591
-6768
5719
1111
-4644
-8355
-4880
9542
368
-7729
-7113
-1947
-4265
776
1629
-8590
-5071
-2375
-304
9040
6251
7644
9745
6899
5929
1662
4166
-3718
5992
-5564
6463
9760
-6448
-7926
1474
6754
-3742
3147
-7456
-8397
7446
857
8946
2959
7369
-5599
-7454
-7074
7660
-9128
3211
6610
-9141
4812
-6398
4362
-4782
-8892
-9090
-9560
-4360
-1749
429
-6227
-7312
625
8950
-3089
-1515
7039
-2690
-7243
4749
-8402
-9395
-2688
4868
-1922
-9647
6437
-1337
6607
-9856
-6656
7033
-8084
-2097
-6083
4495
3945
7162
9402
5928
4223
-6008
9503
6373
8129
-1460
-8848
-7710
22
2830
-4117
4790
-210
-7365
-9355
6298
-5369
-8312
-512
-1363
-1472
-1428
347
3238
-1810
9833
7596
-4889
-9164
-957
4918
-7632
6477
2083
153
3278
2373
8691
7206
-4533
3433
-6815
9164
-9900
-4589
-853
-9846
1010
4988
5854
3925
-1510
8504
8904
2948
680
1287
-2043
2318
-360
8694
-3073
-315
5704
-5311
-7296
9881
6280
-9652
204
8499
-198
-7635
-398
6545
9499
9953
-1805
-2715
-8397
-8068
9232
2501
-3520
1744
-9914
2809
1111
9288
4494
-1153
-9847
7497
-5030
1811
-1293
8368
-9867
-7218
-2815
-1083
-2874
-697
-7822
1524
-1237
-3663
-7411
5832
1659
-3263
9893
6056
-9775
-6597
5987
-1328
1853
-5953
2789
679
3701
5358
1437
5230
-9576
-9238
3620
-3218
-5107
-6907
-2162
-614
3643
-501
1069
1806
-3059
-8469
-6730
-5244
3879
7903
-5212
3308
-3809
8956
-6074
-2558
-2550
468
-7346
-7669
-4970
-1750
-1178
3934
7405
8036
-9740
9304
9077
-2736
-8444
1207
-8013
-1531
-3822
6783
-1218
3017
7380
9529
9016
-3189
9150
8020
4998
-2310
9580
7358
6779
4270
-4535
-3194
-7239
996
-4643
-1709
3697
-4542
8977
5214
1154
4858
-4532
648
-1970
-174
6065
8419
-8314
-669
-8684
1719
-532
8840
-9962
-9220
-6149
1194
-1648
-7973
3585
7302
-4810
-1428
-8175
-7665
1222
585
-8724
9227
5813
-8542
8774
3091
-3673
991
607
-9464
-9060
1514
-8544
1892
-7200
3168
-7769
8640
5042
569
-6685
5371
3639
7640
-7690
-236
-5908
-9719
-2307
-8058
-9147
9013
-7293
-7315
-5089
6828
-1373
4511
-3633
-1289
6843
-6737
-2752
5075
-3493
2013
-2363
-9909
2285
6574
-4845
9846
-1352
9730
-8409
-3328
-7541
2771
-5738
5588
5389
9118
-599
-1992
-4976
7348
4844
-4996
2795
-1937
-8045
3339
-3450
1202
8216
-3492
-506
7032
-8293
2070
9143
-1934
-2383
-5469
8049
5575
6757
3635
-573
7703
-8359
-8132
8915
-6078
-9114
2439
2475
-3481
5745
4693
-4369
-8221
-2032
3680
-8955
7896
-6082
4061
-1572
-3353
6432
1188
-60
6546
-7087
6326
402
6772
2100
-5164
-4027
7895
-1463
-3419
-1007
8732
5139
-2092
3601
2283
-2805
-5386
5806
140
-381
-3670
1610
-3773
-593
-2220
-5928
2887
8040
7266
1171
6809
8540
6028
-3559
-8232
4803
-9708
-4639
7234
4136
991
-7833
-1159
-336
-2364
9854
-834
7713
-2721
-5671
-8571
8462
-6364
5929
733
-9545
-2375
-7645
9287
-6728
6506
2589
-2202
-4782
-8442
-5100
4891
-5915
4126
-1932
-2372
5322
8418
7325
5054
-1404
-2253
5696
3373
5905
-581
-2391
-2829
-4870
1775
5428
4295
-7335
-5471
-4261
-7632
-9973
-3641
-5025
-8261
-9361
-4854
5679
-1275
7886
8112
-2953
8894
-4871
-7201
-7659
5519
6268
7100
2541
-5732
-4020
3720
896
-2613
4931
9792
-5786
678
-33
6433
-5137
7425
-2175
-1914
-1863
9478
6862
-9566
-1681
-8581
-2156
3932
8267
-2038
-4794
-9097
-8811
-5490
3489
9829
4333
6195
1902
-3461
-7416
3206
3798
14
6491
-3632
1804
9468
-810
-2907
1722
6649
-5364
6263
-9326
-8947
-3740
-8198
6400
6749
8227
7087
-6455
-8580
5041
6026
5659
3270
4009
7372
-4939
1649
3613
3341
-2685
-8705
-9785
-496
-4144
9125
1251
9000
5531
8752
-962
-5987
-9297
-137
4677
851
-4843
-2265
8660
901
-5492
9761
-9578
-5146
418
2126
8153
-8229
-54
-5366
-9128
968
7111
-6549
-2725
-5116
-8715
-1681
1570
189
4833
8570
-8786
9559
1310
3176
-377
-4705
3279
287
1253
2438
9854
-3843
7376
-8789
-9671
922
5394
-1559
7876
2745
686
-5747
3995
-1910
-1634
-1776
9231
-4005
-2005
-170
-3419
-651
3810
2648
2497
-9917
-3484
4640
5011
-425
2392
-2733
9007
-4371
2646
648
6386
2081
7457
1901
7764
-7380
-4842
7349
-2725
-1794
6316
-4776
9662
-6544
5853
8009
-4261
8730
4170
-8679
9471
-4549
-8263
4313
9299
-8285
2269
4194
-5636
-1588
9721
-424
-9431
7204
-4814
1580
6327
-1101
704
-7459
-4711
-2726
2187
-8824
9502
-6709
-5661
-5072
5811
-2572
687
-2865
5898
-998
5781
8550
6783
-7121
-8508
3558
-7697
-4731
-7904
-7217
6130
1259
-8567
4443
-2860
-7565
6511
-4181
-2891
-8756
-9098
-2741
-5436
3491
-8319
-8140
6201
-9684
2334
5001
3528
6434
-5735
-9632
4736
-9174
-2557
-7280
-3172
1915
692
5722
-5339
1477
-6888
-819
1407
582
-926
7988
-8120
-1996
-9049
441
-8226
-8875
-2860
6593
193
-4141
-8887
8772
-6723
2825
5754
3688
-614
-8651
8809
7362
2727
7195
-13
2134
-9333
-5472
193
-4811
4294
-1018
9320
-6066
270
8262
7801
-9195
-3704
7736
-9853
3380
-1964
1090
7768
6190
-1420
-8457
-3150
-9717
280
-4271
-8854
3437
2785
6152
5671
-1375
-1186
3617
-1512
1736
-8586
-1074
-3481
-4654
4861
-6269
-7083
888
-5701
-7476
6405
-9997
-8667
8875
-9057
808
6082
-4162
2166
-3354
4886
-1323
2540
-6470
9382
8326
-8809
2663
8908
953
-5437
1861
-5440
3241
-4299
-9018
5984
-6178
4408
-2053
6199
6421
-6711
7999
9124
-9464
-4163
1691
2238
7193
-8519
1905
-379
-8664
-3606
-602
-9749
1321
2560
3819
8869
-7436
7264
9808
1805
747
-2582
587
-5046
236
1952
-38
-7950
4786
8315
4953
-882
7727
9600
-3962
-2342
4477
-9607
7369
1846
-4448
-8579
3716
3468
3438
-8243
-789
2382
-7519
-5946
-3457
-399
-9630
9372
-715
-1549
-3057
2305
7036
2858
-1550
-3765
9337
-3937
9391
3404
-8959
7777
-1378
2191
-8893
-3305
942
8992
9615
4841
6535
5744
-277
-6925
-4233
6522
8215
1597